data/SMIDGenOutgrouped/100/75/Model_Trees/pruned/smo.0.modelTree.tre	data/SMIDGenOutgrouped/100/75/Source_Trees/RaxML/smo.0.sourceTrees.tre	1.9925541877746582	1.55	34	205	0.9114583333333334	34	212	0.9119170984455959	(((((((t60,t94),((t65,t8),t71)),(t54,t32)),(t37,(((((t33,((t62,t3),t52)),(t75,t92)),t34),t46),t66),(t87,t88))),((((((t100,t95),t9),t59),(t42,t36)),(((t45,t84),(t50,t48)),(t27,t38))),(((t39,t11),(t25,t58,t28)),(t23,(t24,t70))))),(((((((t5,t30),(((t97,t57),t93),t85)),(t2,t67)),((t22,t29),t21)),((t6,t53),(((t96,t55),t79),t26))),t14),(((t17,(t76,t31)),t20),((((t44,t51),t19),t4),((((t13,t35),t83),t80),t78))))),(((((t16,t99),(t12,t41)),t64),((((((((t82,((t90,t86),t91)),((((t56,t18),t61),(t77,t49)),t89)),((t81,t74),t1)),t47),t72),(t98,t63)),(t43,t10)),(t7,t68))),t40));
data/SMIDGenOutgrouped/100/75/Model_Trees/pruned/smo.1.modelTree.tre	data/SMIDGenOutgrouped/100/75/Source_Trees/RaxML/smo.1.sourceTrees.tre	1.864368200302124	1.45	20	117	0.9484536082474226	22	117	0.9435897435897436	(((((t37,t100),t42),((((((t17,((t66,(t15,t89)),t22)),((t64,t29),(t44,t57))),(t75,t78)),t91),(t24,t20)),((t93,t6),((((t58,t14),t79),(((t80,t51),t86),(t60,t48))),t38)))),((((t41,(t2,t11)),t98),((t54,t88),((((t55,t31),t21),t81),(((t63,t19),(t40,t45)),t16)))),(((t73,(t83,t12)),(((t97,t56),t76),(((t96,t46),t32),t70))),(t18,t39)))),((((((((t5,t35),t84),t28),t1),(t65,(t50,(t33,t30)))),(((t85,t69),t52),(((t7,(t9,t94)),t3),t95))),t67),(((((t43,t13),t53,t25),(t8,(((t47,t62),t90),(t59,(t34,t61))))),((t68,(t74,t82)),t87,t27)),((t36,((t10,t77),t72)),(((t23,t99),t71),(t92,t4))))));
data/SMIDGenOutgrouped/100/75/Model_Trees/pruned/smo.2.modelTree.tre	data/SMIDGenOutgrouped/100/75/Source_Trees/RaxML/smo.2.sourceTrees.tre	1.957348346710205	1.55	52	232	0.8547486033519553	52	232	0.8547486033519553	(((((((t5,(t69,t82)),t28),(((t30,t33),(t91,t49)),t14)),(((t84,t94),(t98,t77)),(t56,t51))),((((((t100,t60),((((t59,t99),(t92,t27)),((t16,t6),t21)),t97)),((t62,t26),t24)),(t79,(t58,t67))),t37),((((((((t23,t72),t11),(t34,(t22,t39))),(((t78,(t52,t48)),t42),t45)),((t32,t95),(t80,t68))),t8),t40),(((t90,t17),t13),(t15,((t83,t89),(t7,(t38,(t25,t81))))))))),((((((t46,t88),t47),t63),(((t87,(t73,(t85,t96))),t36),(((((t12,t66),t54),t10),((((t29,t71),((t1,t57),t75)),t53),t3)),t65))),t19),((t86,(t74,(t76,t64))),(t9,t43)))),((t18,t41),t2));
data/SMIDGenOutgrouped/100/75/Model_Trees/pruned/smo.3.modelTree.tre	data/SMIDGenOutgrouped/100/75/Source_Trees/RaxML/smo.3.sourceTrees.tre	1.8847827911376953	1.51	28	252	0.9278350515463918	28	252	0.9282051282051282	(((((((((t81,t60),(t12,t58)),(t47,t99)),(((((((((t84,t70),t41),t11),(t66,t39)),((t23,(t22,t50)),((t27,t64),t88))),(t44,t61)),((t54,t10),t91)),t82),(((((t17,t9,t4),(((((t49,t1),t24),((t72,t57),t76)),(((t2,t48),(t28,t90)),(t25,t71))),t26)),(((t85,t5),t14),((t78,t29),t53))),(((t16,t87),(t75,t35)),t37)),((t96,t80),t63)))),(((t73,((t32,t36),t83)),t62),(t69,t59),(t97,t7))),t38),((((t33,t45),(((t43,t30),t40),t77)),(((t18,(t42,t55)),(t34,t65)),(t98,t3))),(((((t100,(t31,t6)),t51),t95),t89),(((t15,(((t67,t46),t74),(t20,(t8,t79)))),t86),((((t56,t52),t13),t21),t92))))),t19),t68);
data/SMIDGenOutgrouped/100/75/Model_Trees/pruned/smo.4.modelTree.tre	data/SMIDGenOutgrouped/100/75/Source_Trees/RaxML/smo.4.sourceTrees.tre	1.7822129726409912	1.38	33	133	0.9095890410958904	32	133	0.9135135135135135	(((((((((((t29,(t50,((t22,t14),t81),t86)),(t7,t75)),((t55,t11),(t28,t78))),((((t18,(t8,t93)),t85),t6),t90)),((t40,t19),t43)),((((t30,t42),t5),(t80,t53)),t31)),((((((((t24,t41),t60),t3),t20),((t96,t67),(t61,t32))),(t44,(((t33,(t13,t70)),(t66,t68)),(t34,t74)),t9)),((t16,t4),t92)),((t26,t73),((t69,(t47,t99)),(t98,t71,t94))))),((t36,t63),(t2,(t84,t10)))),t12),((t76,t88),t91)),(((((((t59,t15),((((t38,(t97,t17)),t37),t100),t35)),(t49,(t46,t82)),t52),t39),((t23,t51),t77)),(((((t58,t45),t83),t57,t62),(t27,(t89,(t87,t79)))),(t56,t48))),t72));
data/SMIDGenOutgrouped/100/75/Model_Trees/pruned/smo.5.modelTree.tre	data/SMIDGenOutgrouped/100/75/Source_Trees/RaxML/smo.5.sourceTrees.tre	1.786935567855835	1.39	11	118	0.9708222811671088	12	121	0.9682539682539683	(((((((t64,t100),t75),(t46,t48)),(t29,t71)),t6),((((t12,t23),t81),t79),(t31,t82))),(((((((t18,t35),t24),t45),t27),((((t80,t20),(((((t47,t21),t90),((t22,t32),t28)),(((t97,t77),t44),t15)),t85)),t67),(t78,t87,(t55,t53)))),((t93,(((t72,t94),t43),t52)),(((((((((((t5,t16),t76),t63),t37),(t60,t17)),t69),(t91,t26)),(((t57,((t7,t59),t39)),t19),((((t96,t8),t92),t34),t25))),(((t40,((t58,t70),t73)),t4),((t50,t36),(t2,t74)))),t65),((((t38,(t98,t11)),t86),(t30,(t10,(t9,t42)))),(t1,t89))))),((((t66,(t62,t99)),t41),(t84,((t95,t88),t51))),(((t56,t68),t61),(t14,t49)))));
data/SMIDGenOutgrouped/100/75/Model_Trees/pruned/smo.6.modelTree.tre	data/SMIDGenOutgrouped/100/75/Source_Trees/RaxML/smo.6.sourceTrees.tre	1.8235266208648682	1.42	49	289	0.8595988538681948	50	291	0.8571428571428571	(((((((t59,(t54,t26)),(t66,t78)),((((t28,t100),t51,t24),(t43,t33)),(t44,((t70,t63),t32)))),((((((t69,(t34,t14)),t76),t97),(t52,t19)),(t64,(t96,t4))),(((((((t61,t10),t6),(((((((t73,(t60,t48)),((t99,t87),t75)),((t23,t36),t30)),((t20,(t3,t94)),t9)),((t47,t35),t90)),(((((t38,(t85,t50)),t18),t31),t11),(t91,t86))),(((((t29,(t57,(t15,t77))),t39),t83),(t27,t95)),t40))),t42),(((t16,t89),(t74,t53)),t79)),t67),t22))),((t84,(t37,t49)),(t82,t45))),(((t8,t93),((t17,(t56,t80)),t92)),t1)),(((t2,(t21,t55)),(t62,(t7,t65))),t58));
data/SMIDGenOutgrouped/100/75/Model_Trees/pruned/smo.7.modelTree.tre	data/SMIDGenOutgrouped/100/75/Source_Trees/RaxML/smo.7.sourceTrees.tre	1.806905746459961	1.4	44	122	0.8823529411764706	44	122	0.8823529411764706	(((((((((((t40,t11),(t38,(t81,t95))),(((t49,t46),t19),((t61,t96),(t55,t41)))),((((t60,t73),((t31,t35),(t28,t85))),(t86,t51)),t2)),(t54,(t22,t80))),t97),((t10,((t98,t94),t68)),t77)),(t70,t82)),(t32,(t18,t3))),(((((((t17,t29),t33),((((((t74,t63),t52),(t90,t1)),(t42,t88)),(t69,(t72,(t8,t71)))),t23)),(t24,t48)),((t75,t43),(((t91,t66),(t16,t45)),t20))),(((((t93,t13),t53),t99),(((((t34,t21),(t56,t62)),(t44,t12)),t58),(((t14,(t47,t50)),t30),t25))),((t15,t6),(t27,t79)))),(((t64,t37),t39),(((t65,t87),t4),t83)))),((((t89,t9),t57),(t59,t78)),((t92,t76),t7)));
data/SMIDGenOutgrouped/100/75/Model_Trees/pruned/smo.8.modelTree.tre	data/SMIDGenOutgrouped/100/75/Source_Trees/RaxML/smo.8.sourceTrees.tre	1.8344025611877441	1.3900000000000001	21	71	0.9436997319034852	22	67	0.9411764705882353	(((((((t100,t63),t26),(((((((((((t2,t95),((t89,(t8,t57)),t31)),(((t59,t17),t24),t46)),((t75,(t64,t33)),(t25,t67))),((t28,t49),t10)),(t40,t73)),(t20,t38)),t5),t35),t58),(t62,t55))),((t97,((t18,t68),t92)),(((t80,(t93,t11)),t39),(t47,t32)))),(((t84,t91),(((t44,t7),(t85,t6)),t4)),(t86,t53))),((((t65,t87),t13),t3),(t30,t41))),((((t12,t76),((((((t16,(((t51,t70),t52),t34)),t43),t54),(t50,t99)),(t90,t77)),((t61,t69),(t82,((t83,t72),(t81,t48)))))),(((((t14,t29),t42),(t60,t71)),t94),(((t15,t36),(((t22,t78),t79),(t96,t23)),t88),t98))),(t66,((t56,t1),t74))));
data/SMIDGenOutgrouped/100/75/Model_Trees/pruned/smo.9.modelTree.tre	data/SMIDGenOutgrouped/100/75/Source_Trees/RaxML/smo.9.sourceTrees.tre	1.8315515518188477	1.43	13	168	0.9665809768637532	12	168	0.9692307692307692	(((((((((t80,t17),t48),(t30,t78)),t13),((t96,t93),t72)),(t12,t53)),(t6,((t37,t95),t16))),(((((((t100,(t24,t91)),((t46,t57),(t65,t94))),((((t84,t82),(t98,t87)),((t76,t89),t88)),t62)),(((((t5,(t50,t70)),((t44,t63),((t21,t14),t7))),t59),(t18,(t90,t41))),(t66,((t38,t29),t71)))),(((((t75,t11),t9),(t86,t52)),t74),t33)),((((((t15,((t56,t54),t32)),t77),(t23,(t31,t26))),(t99,t36)),t25,t10),((((t97,t8),t45),((t22,t20),t35)),((((t2,t55),t58),t3),(t68,(t92,t27)))))),t4)),((((((((t69,t40),t64),((t47,t51),(t34,t79))),t60),t28),t49),(t19,(t83,(t43,t1)))),(((t73,(t81,t61)),t42),t67)));
data/SMIDGenOutgrouped/100/75/Model_Trees/pruned/smo.10.modelTree.tre	data/SMIDGenOutgrouped/100/75/Source_Trees/RaxML/smo.10.sourceTrees.tre	1.8444421291351318	1.4	67	183	0.8154269972451791	70	188	0.8087431693989071	((((((((t54,t81),((t14,t4),t92)),(t43,t42)),((t21,t31),((t20,t1),t9))),(t98,t50)),(((t75,((t76,t79),(t55,t82))),((t7,t57),(t25,t71))),t83)),(((((((t65,t69),(t84,t58)),t22,t86),((t10,t68,(t64,t52)),((((((t44,t35),t40),(((t66,t23),t49),t56)),(t16,t53)),t48),((((t46,t45),t36),t28),t51)))),(((((((t100,(t72,t19)),(t41,t78)),t18),t95),((t5,t26),t77,t62)),((((t63,((t12,t47),t93)),((t38,(t61,t88)),t94)),(t59,t33)),t89)),(t2,(t24,t60)))),(((t27,(t73,t13)),t67),(t39,t8))),(t90,t3))),(((((t34,t17),t97),t85),t30),((t70,(t80,t99)),(t32,t15))));
data/SMIDGenOutgrouped/100/75/Model_Trees/pruned/smo.11.modelTree.tre	data/SMIDGenOutgrouped/100/75/Source_Trees/RaxML/smo.11.sourceTrees.tre	1.8939974308013916	1.46	31	170	0.9177718832891246	34	169	0.9109947643979057	(((((((((((t100,((t9,t31),t37,t27)),t88),t42),(((t38,(t93,t73)),t91),(((t18,(t24,t53)),t99),t82))),(t84,t50)),((t2,(t47,t94)),((t85,t25),t80))),(((((t62,t77),t98),(t64,t78)),(t58,t35)),t75)),(((t96,t15),(t44,(t55,t86))),(t14,t79,t30))),((((((((t21,t17),((t39,t71),t67)),t60),(t87,(t54,t10),t81)),t70),((((t29,t57),(t66,(t28,t95))),t11),((t8,t41),t59))),(t33,t68,(t20,t56,t90))),((t52,t69),(t34,t40)))),(((t6,(t32,t19)),((t13,t26),t48)),((((t92,t5),t61),((t7,t3),t43)),(((((t22,t63),((t16,t23),t1)),t4),t46),t76)))),((t65,(t83,t45)),(((t97,t89),t72),t51)));
data/SMIDGenOutgrouped/100/75/Model_Trees/pruned/smo.12.modelTree.tre	data/SMIDGenOutgrouped/100/75/Source_Trees/RaxML/smo.12.sourceTrees.tre	1.734076738357544	1.35	26	352	0.934010152284264	26	355	0.9346733668341709	(((((((((((((t41,t17),t7),(t56,t83)),t45),(t90,t99)),(((((t92,t100),(t33,t39)),(((t5,t67),((t62,t82),(t9,t68))),(((t15,t79),t58),(t64,t48)))),((((t23,t11),t37),(t3,t60)),((((t8,t87),t88),(t32,t73)),(((t55,t70),t10),t35)))),((t80,t89),(t43,t47)))),((((t4,(t29,(t65,t85))),t71),((t59,t95),(t50,t77))),(t81,t30))),(((t2,t44,t93),(t97,(t21,t1))),(((t12,t13),t74),(((t94,(t18,(t91,t46))),((t69,t51),t98),t28),((t86,t63,t25),t16),t53)))),t49),(((((((t24,(t40,t42)),t36),t76),(t31,(t22,t6))),(t27,(t26,(t66,t20)))),((t84,t38),((t96,t57),t78))),t19)),((t54,t14),(t61,t75))),(t34,t72)),t52);
data/SMIDGenOutgrouped/100/75/Model_Trees/pruned/smo.13.modelTree.tre	data/SMIDGenOutgrouped/100/75/Source_Trees/RaxML/smo.13.sourceTrees.tre	1.7963557243347168	1.3499999999999999	29	113	0.9209809264305178	30	114	0.918918918918919	(((((((((((t33,(t75,t51)),t25),((t29,(((t14,t66),t95),(t61,t13))),(t24,t26))),(t85,t32)),((t46,(t48,t65)),t18)),(((((((t97,t74),t45),t1),(t15,t88)),t6),t79),(((t5,(t34,t98),t43),(((t84,t42),t81),(t53,t82))),((t62,t67),t50)))),(t92,t28),t38,t36),(((t44,t37),t86),((t9,t78),t35))),t83),(t23,t72)),(((((((t93,(t12,t20)),(t80,t89)),((((t11,(((t17,(t55,t76)),t7),t59)),(t39,t68)),((t27,t40),t4)),((t47,t8),(t69,t94)))),t21),((((t64,t52),((t77,t57),t90)),(((t96,t3),t41),t60)),((t70,(t31,t87)),(t91,t63)))),((t54,(t73,(t56,t49))),t10)),(t30,t71)));
data/SMIDGenOutgrouped/100/75/Model_Trees/pruned/smo.14.modelTree.tre	data/SMIDGenOutgrouped/100/75/Source_Trees/RaxML/smo.14.sourceTrees.tre	1.8425500392913818	1.4	31	150	0.9168900804289544	32	147	0.9144385026737968	(((((t93,t95),t3),((((((t5,(t74,t72)),t11),((((t22,t66),t32),t44),(((((t97,(t46,t39)),t34),t71),t7),((t18,t59),t4)))),(((((t43,t2),t92),(t52,t51)),t35),((((((t81,t33),t1),(t25,t63)),t21),t88),t61))),(t80,(((t53,t94),t27),t85))),((t12,t91,((t62,t90),(t65,t24))),(((t15,(t54,t79)),((t30,t38),t20)),((((t69,(t75,t28)),t87),(t70,t57)),t86))))),(((t77,t78),(t13,t6)),(((t26,t68),t55),(t89,(t31,(t76,t99)))))),((((((t100,((t45,t17),t36)),t56),((t96,t42),t67)),(((t83,t29),((t84,t37),t60)),(t9,t14))),((t10,t73),t8)),(((t19,t82),(t98,t50)),((t41,t47),t48))));
data/SMIDGenOutgrouped/100/75/Model_Trees/pruned/smo.15.modelTree.tre	data/SMIDGenOutgrouped/100/75/Source_Trees/RaxML/smo.15.sourceTrees.tre	1.6998419761657715	1.3	29	52	0.9183098591549296	28	59	0.9217877094972067	((((((((((((((((t66,t76),t41),(t93,t15)),t10),t100),(t22,t1)),t46),((t70,t71),t60)),((t30,t48),t62)),(t27,t11)),((t78,(t80,t68)),(((t87,t57),t28),t52))),((t47,(t77,t94)),(t29,(t61,t64)))),(t12,((((t5,((t99,t45),t83)),(t44,((((t86,(t85,t91)),(t39,t82)),((t8,t2),t98)),t50),t63)),(t69,(t73,(t51,t79)))),t49))),(t88,(t32,t53))),(((((t4,t24),((t56,t59),(t7,(t35,t55)))),t81),(t84,(t16,t89))),((((t65,t17),t21),t34),((((t54,t26),(t75,(t95,t37)),t19),((t23,(t74,(t67,t3))),(((t97,t20,(t43,t90)),(t33,(t38,t40))),t36))),t72)))),t6);
data/SMIDGenOutgrouped/100/75/Model_Trees/pruned/smo.16.modelTree.tre	data/SMIDGenOutgrouped/100/75/Source_Trees/RaxML/smo.16.sourceTrees.tre	1.751476764678955	1.34	52	248	0.865979381443299	54	250	0.8615384615384616	((((((((((t9,t35),t100),(t14,t15)),t47),((((t34,t74),t86),t61),(t54,t49))),(((t69,t19),t81),(t38,t68))),(t96,(t37,(t83,t99)))),((((((t5,((t31,t30),t88)),(t92,t95)),(t53,t39)),(t80,t20)),t94),(((((t91,t17),t52),t87),((t33,t71),t6)),(((t84,t1),t72),t55)))),((((((t11,(t28,(t12,t36))),((t44,(((t97,t8),(t98,t21)),(t78,(t82,(t85,t13))))),((t23,((t41,t26),t60)),(((((t67,t57),t32),((t42,t90),t56)),(t62,(t65,t48))),t7)))),(t27,(t3,t18))),t22),((t59,((t66,t89),t63)),(t77,t4))),(((t2,(t40,t29)),t73,(t45,t25,t64)),(((t46,t50),t58),(t70,t93))))),(((t16,(t75,t51)),(t24,t43)),t79));
data/SMIDGenOutgrouped/100/75/Model_Trees/pruned/smo.17.modelTree.tre	data/SMIDGenOutgrouped/100/75/Source_Trees/RaxML/smo.17.sourceTrees.tre	1.705610752105713	1.33	24	91	0.9396984924623115	24	91	0.9396984924623115	(((((t5,t4),t22),(((((t92,(t94,t73)),(t61,t95)),(((((t31,t51),(t67,t68)),t36),t89),(((t26,(t91,t6)),(t53,t1)),(t65,t82)))),((((t8,t29),t64),t99),t63)),((t60,(t98,t78)),t85))),((t35,(t3,(t100,(t28,((t84,t80),t57))))),(((((((t58,t32),(((t97,t17),t72),(t21,t55))),(((t56,(t47,t10)),t50),(t93,t23))),(((t39,t37),((t14,(t41,(t25,t62))),(t66,(t87,t45)))),((t69,t30),(t9,t77)))),t48),((((((((t49,t11),t79),(((t43,t13),t71),t12)),(t7,(t24,t76))),(t27,t52)),(t18,((t75,t33),t59))),t15),((t90,t70),((t81,t42),(t86,t74))))),((((t54,t2),((t34,t46),(t20,t19))),(t38,(t83,t88))),((t96,t16),t40))))),t44);
data/SMIDGenOutgrouped/100/75/Model_Trees/pruned/smo.18.modelTree.tre	data/SMIDGenOutgrouped/100/75/Source_Trees/RaxML/smo.18.sourceTrees.tre	1.745929479598999	1.34	83	445	0.7821522309711286	84	442	0.7801047120418848	((((((((t23,(t38,t11)),(t2,t26)),(t78,(t42,t7))),(((((t5,((t56,t85),t67)),t70),((t20,t48),((((((t97,t34),t46),t58),t93),t83),(t24,t91)))),(t59,t33)),((t19,(t6,(t62,t29))),t90))),((((((t41,t63),t22),t53),t13),((t69,t8),((t55,t88),t94))),(((t16,t73),((t76,t30),t15)),(((((((t66,(t50,t89)),(t45,(t72,t64))),t77),t1),((((t100,((t27,t74),(t81,t25))),((t43,t84),t99)),(t96,t87)),t92)),((((t68,t57),t51),(t86,t40)),t28)),(t9,t82))))),(((((t54,t17),(t18,t52)),((t47,t79),t65)),((t49,t60),(t12,t98))),(t10,t36))),(t44,(t21,t37),t35)),((((t32,t4),(t61,t31)),(t75,t3)),t39));
data/SMIDGenOutgrouped/100/75/Model_Trees/pruned/smo.19.modelTree.tre	data/SMIDGenOutgrouped/100/75/Source_Trees/RaxML/smo.19.sourceTrees.tre	1.776334524154663	1.34	21	114	0.9448818897637795	18	105	0.9533678756476683	((((((((((t46,t11),t1),t49,t57),((t97,t93),(t10,t6))),(((t42,t31),t15),((t20,t36),((t41,(t79,t37)),t72)))),((t3,t48),((t9,t67),t51))),((((t18,((t12,t60),t78)),((t58,t33),(t86,t40))),(t50,t87)),(t19,(t24,t83)))),(((t2,(t54,t39)),((t65,((t76,t88),(t43,t71))),t59)),((t73,(t32,t82),t90),(t75,t64)))),(((t14,(t29,t89)),t8),((t44,t96),t52))),(((((((((t84,t38),t100),t92),(((((((t62,(t91,t63)),(t30,t26)),(t80,t94)),t74),((((t34,(t7,t28)),t16),t27),t22)),(t55,t99)),t45,t61)),(t25,t95)),(t5,(t69,t77),(t81,t35))),((t17,t68),t21)),(((t13,t23),t70),t47,t98)),(t56,t66)));
data/SMIDGenOutgrouped/100/75/Model_Trees/pruned/smo.20.modelTree.tre	data/SMIDGenOutgrouped/100/75/Source_Trees/RaxML/smo.20.sourceTrees.tre	1.7541868686676025	1.36	44	252	0.8842105263157894	44	248	0.8848167539267016	((((((((((((t14,t57),t66),(t24,t47)),((t59,t60),(t32,t76),t16)),((t64,t46),t33)),((((t41,t29),t92),t83),t35)),t58),t61),(((t99,t88),(t43,t2)),(t20,((t81,t40),t90)))),(((t4,t71),t19),(((t69,t49),((t18,t82),t96)),t26))),((((((((t30,((t7,t13),t53)),(((((t63,t1),t27),t3),t79),t95)),((((t94,t89),t93),(((t84,t17),t56),t42)),(((t67,t70),((t91,t31),(t34,t75))),(t73,(t72,t68,(t85,t77)))))),((t65,t21),t45)),((t97,t74),(t48,t39))),(t15,t52)),(((((((t54,t100),(t62,(t9,t6))),t11),t23),(t50,t51)),t80),((t87,t36),(((t25,t38),t8),t78)))),(t86,((t28,t5),t98)))),(t22,t10));
data/SMIDGenOutgrouped/100/75/Model_Trees/pruned/smo.21.modelTree.tre	data/SMIDGenOutgrouped/100/75/Source_Trees/RaxML/smo.21.sourceTrees.tre	1.774003505706787	1.33	29	168	0.9242819843342036	30	165	0.9222797927461139	(((((((((t100,(t32,t90)),((t52,(t29,t89)),t37)),t44),t4),((((t5,t49,t82),(t97,(t54,(t27,t3)))),(t41,t53)),(t23,((t18,t35),t61)))),(t56,t20)),(((((t2,t76),(((t47,t51),t67),t83)),(t21,t14)),(t34,((((t81,t84),t57),t42),((t69,t16),t85)))),(((((t98,t73),t99),(t28,t95)),(t91,t26)),(t65,t12),t13))),(((((t70,(t11,(t55,t93))),((t30,t87),t46)),((t68,t36),(t66,t63))),((((((t1,(t74,t24)),((t10,(t94,(t25,t48))),t19)),t7),(t62,t39)),((((t86,t17),t77),t80),(((t22,(t92,(t50,t15))),t6),t58))),((t64,t38),t59))),(t31,t40,t71))),((((t75,t78),((t96,t79),t43)),((t9,t88),t45)),t8));
data/SMIDGenOutgrouped/100/75/Model_Trees/pruned/smo.22.modelTree.tre	data/SMIDGenOutgrouped/100/75/Source_Trees/RaxML/smo.22.sourceTrees.tre	1.838987112045288	1.4	44	337	0.8871794871794871	44	337	0.8871794871794871	((((((((((((((t55,t11),t22),t93),t68),t47),(((t81,t85),t65),((t14,t78),t67))),(((((((t96,t26),t49),t70),t40),(t29,t45)),t7),(((((t5,t48),t99),((t44,(t74,t94)),t1)),t51),(t92,t13)))),(t57,(t24,t3))),((t58,t6),(t91,t90))),t73),((t2,t80),t72)),((((((((t17,((t50,(t41,(t42,t86))),(t9,t33))),((t61,t15),(t38,(t97,t77)))),((((t28,t100),((t83,t66),(t76,t4))),((t18,t8),(t32,t20))),t53)),(t12,((t54,t60),((t30,t35),t43)))),(((t87,((t21,t63),t16)),(t62,t82)),(((t79,t88),t64),t71))),(t27,t19)),(t37,t89)),((t84,t59),(t34,t46)))),(t36,((t75,t10),t52))),(((t69,t23),((t25,t95),t39)),t31));
data/SMIDGenOutgrouped/100/75/Model_Trees/pruned/smo.23.modelTree.tre	data/SMIDGenOutgrouped/100/75/Source_Trees/RaxML/smo.23.sourceTrees.tre	1.756338357925415	1.3599999999999999	68	294	0.8256410256410256	70	295	0.8223350253807107	((((((t96,(t67,t11)),(((t27,t88),t8),t61)),(((t20,t57,t80),t93,t30),((t32,t78),(t28,t94)))),((((((t58,t73),t92),t64),(((t84,(t15,t26)),t51),(t25,t60))),(t70,t68,(t34,t71),t45)),(((((((((t43,t63),(t35,t37)),t66),(((t65,t100),t1),t62)),(t59,t4)),((((((t3,t36),t97),((t21,t38),t16)),((t85,t50),t95)),(((t56,t87),t29),(((t55,t89),t48),t76))),t5)),(((t22,t47),(((((t75,t46),(t74,t72)),t99),t42),(t24,t14))),t81)),t90),(t69,t39)))),(((((((t18,(t23,t19)),t17),t54),(((t91,t40),((t41,(t53,t82)),t98)),((t44,t10),(t86,t52)))),(t7,t83)),(t49,t33)),t77)),(((t2,t31),t13),((t9,t6),t79)));
data/SMIDGenOutgrouped/100/75/Model_Trees/pruned/smo.24.modelTree.tre	data/SMIDGenOutgrouped/100/75/Source_Trees/RaxML/smo.24.sourceTrees.tre	1.7259202003479004	1.33	38	259	0.9	38	264	0.900523560209424	((((((((t27,t5),t63),t31),((t10,t41),(t92,t79))),((((((t100,t66),t4),(((t50,t51),t6),(t61,t38))),((t30,t57),(t14,t75))),t44),(t90,t78))),(((((t56,t18),(t28,t36)),t55,t95),(t21,(t2,t62))),(t42,(t25,t82)))),((((t7,t16),((t85,t88),t47)),((t49,t99),t32)),((((((((t72,t17),t74),(t76,t89),t96),((t83,t45),t24)),((((((t8,(t34,t40)),t87),(t52,t73)),((t53,t11),((t80,t15),t77))),t58),((t69,((t23,(t65,t26)),t64)),t54))),t81),((t9,t33),t91)),(((t67,t29),(t39,(((t97,t35),t94),t13))),t71)))),((((t98,t20),t37),((((t46,(t68,t1)),t59),(((t22,t12),t93),t86)),(t3,t70))),t19));
data/SMIDGenOutgrouped/100/75/Model_Trees/pruned/smo.25.modelTree.tre	data/SMIDGenOutgrouped/100/75/Source_Trees/RaxML/smo.25.sourceTrees.tre	1.8289055824279785	1.3699999999999999	35	149	0.9086161879895561	38	152	0.9015544041450777	(((((((((t59,t49),((t43,t4),t76)),t98),(((t100,((t8,t73),(t75,t29))),(((t16,t88),t72),t57)),t6)),(((((t62,t60),t68,t15),(t97,t64)),(t92,t22)),(t32,t35))),((t69,t86),(((t66,(t58,t33)),t2),t36))),((t9,((t65,t27),(t70,(t10,(t13,t61))))),t77)),(((((t17,((t50,(t44,t28)),(((((t24,t37),t40),t54),t56),(((t38,(t67,t45)),t47),t21)))),(t96,t95)),((t12,t5),(((t11,t89),(((t84,(t20,t99)),t25),((t81,t41),t82))),t48))),((t34,t78),t51)),((((t87,(t90,t79)),((t80,t46),(t83,t63))),t23),((((t3,(t52,t91,t71),(t14,t39)),((t26,((t42,t30),(t7,t85))),(t18,t31))),(t1,t19)),t74)))),t55);
data/SMIDGenOutgrouped/100/75/Model_Trees/pruned/smo.26.modelTree.tre	data/SMIDGenOutgrouped/100/75/Source_Trees/RaxML/smo.26.sourceTrees.tre	1.7044141292572021	1.31	14	73	0.9631578947368421	16	73	0.9581151832460733	((((((t100,t10),(t59,t50)),t55),(t13,(t34,t71))),(((t2,t72),t61),t90)),((((((((((t56,t8),t42),(t43,t94)),t32),t9),(((((t73,(t38,((t75,t16),t41))),((t54,t17),t20)),(t22,(t45,t79))),t30),((((t47,t80),t93),(t15,t76)),t36))),(((((t44,t1),t89),t85),t35),((((t92,t11),t12),t52),t3))),((t31,(t91,t6)),(t63,t39))),(((((((((t96,t49),(t53,t19)),t60),t87),t77),((((t18,(t64,t37)),t81),(t58,t70)),t28)),((((((t5,(t48,t95)),t29),(t27,t86)),t57),(t23,t33,t4)),((t84,t26),(t82,(t65,t67))))),(t98,t51)),(t74,t88))),(((t97,(t7,t21)),(t40,t68)),((((t14,t66),t99,t62),t46),t25))));
data/SMIDGenOutgrouped/100/75/Model_Trees/pruned/smo.27.modelTree.tre	data/SMIDGenOutgrouped/100/75/Source_Trees/RaxML/smo.27.sourceTrees.tre	1.6979107856750488	1.31	30	186	0.9230769230769231	30	186	0.9230769230769231	(((((((((t46,t45),t68),t76),((t93,(t56,t61)),t37)),(((t18,t47),t53),t28)),((((((t29,t99),(t81,t83)),(t66,(t65,t22))),((t6,t36),t51)),t54),(((((((t50,t52),t9),t8),t43),(t42,t95)),(t58,t77)),((((t69,t38),t72),((t14,t33),(t97,t86))),(t63,t87))))),(t34,(t10,t92))),t67),(((((((t5,((t90,t11),(((t21,t89),t49),t55))),(t32,t79)),(t16,(t98,t40))),((((t13,t26),t4),t24),(t96,t41))),(((t84,t23),t75),t35)),(((((t85,t100),((t7,t82),(t70,(t25,t3)))),t30),t2),(t20,t60))),((((((((t78,t73),t1),t62),t31),t48),(((t91,t17),t74),t44)),((t64,t88),t19)),(((t80,t59),t15),((t94,t57),(t39,t71))))));
data/SMIDGenOutgrouped/100/75/Model_Trees/pruned/smo.28.modelTree.tre	data/SMIDGenOutgrouped/100/75/Source_Trees/RaxML/smo.28.sourceTrees.tre	1.7587969303131104	1.3	17	77	0.952112676056338	20	75	0.9441340782122905	((((((((t5,t38),t37),t21),((t29,t23),t73)),((t90,t46),t10),t76),((t100,(((((t97,t17),t70),t26),((t15,t95),((t77,t88),t16))),(((t36,((t91,t3),(t61,t68))),(t40,t48)),t51))),(t9,t6))),((t93,((((t44,t98,t92),(t56,t13)),(t57,(t22,t45))),(t67,(t83,t74)))),(((((t64,t66),(t12,t19)),t86),((t50,t32),((t43,t4),((t28,t14),t94)))),(((((((t41,t63),t11),t79),(((t99,t89),t55),t47)),t33),((t31,t39),t52)),((((t58,t42),t71),t60),((t30,t35),(t62,t20))))))),(((t80,t2),((t7,t82),t85)),((((t34,t84),t27,t49),((t69,t1),((t87,t25),t81))),t53)));
data/SMIDGenOutgrouped/100/75/Model_Trees/pruned/smo.29.modelTree.tre	data/SMIDGenOutgrouped/100/75/Source_Trees/RaxML/smo.29.sourceTrees.tre	1.7389655113220215	1.34	37	185	0.9043927648578811	38	182	0.9025641025641026	((((((t24,t17),(t54,t26)),((t12,(t58,t77)),(((t21,t60),t1),(t98,t78)))),((t28,t71),(t61,t46))),(((t16,t67),(t32,t37)),((t45,t89),t65))),((((((((t69,t88),(t44,t18)),(((t87,t36),(t83,t80)),t79)),(t74,t19)),(((((t62,t75,t55),(((t43,t82),((t25,t100),t70)),((t29,(((t4,t99),t91),t40)),t39))),(t31,t68)),((t90,t73),t76)),t3)),(((t5,t97,(t34,t13)),(t11,(((t66,t52),t35),((t30,(t6,(t85,t63))),(t56,t64))))),((t84,t51),(t47,t33)))),((((t94,t2),t57),t15),(((t27,t42),(t7,t81)),t41))),(((((((t23,t20),(t92,t49)),(t96,t95)),t38),t86),t59),(((t22,t10),(t93,t72)),((t9,t50),t53,t8)))));
