data/birth_death/5000/model_trees/bd.0.model_tree	data/birth_death/5000/dcm_source_trees/100/bd.0.source_trees	4.103910446166992	3.7399999999999998	0	0	1.0	0	0	1.0	(((((((((((((((t1077,(t2361,((t2686,t5052),t3110))),t1999),((t1470,((t3239,t5765),t3717)),((t2888,t5545),t4447))),(((t3016,t6154),t1289),(t2065,t5593))),(((t99,t5437),t5035),(t2806,((t4339,(t2851,t5987)),t4963)))),((t1746,t5355),((t874,t4388),(t2845,t4121)))),(t442,((((((t1774,(t3495,t5227)),(t3147,t4636)),(t997,t3242)),t2713),(t1525,(t1934,t4172))),(((t1403,t5107),t4362),(((t1526,(t3739,t5359)),t2505),t2447))))),(((((((t205,(((t4808,t5510),t5448),(t5163,t5934))),t4378),((((t3489,t6039),t5218),t4845),t3993)),(t2482,t3770)),((t503,t2878),((((((t1346,t5969),t4469),(t3057,t5549)),t2919),t2704),((t2382,t3387),((t2712,t5089),t3854))))),((((((t187,t4363),(t1610,((t1889,(((t3181,t5050),t3959),t3792)),((t1967,t4707),t2787)))),(((t478,((((t2377,t5128),((t3876,(t4748,t6123)),(t4168,(t5172,t5407)))),t3308),(t2574,(t3480,t5495)))),((t4048,t6191),((t3525,(t5767,t6158)),t4614))),((t669,t4862),(((t1067,(t3794,t4779)),((t732,t5735),t5710)),((t984,((t4527,t5134),t4725)),(t2816,t4964)))))),((((t274,t6092),(((t2387,t3795),((t3383,t4495),(t3523,((t3598,t4125),((t3805,t5989),t4118))))),((t3255,t5624),t3590))),((((t480,(t3071,t6018)),t1915),(((t1176,t3587),t2898),t2821)),(((t793,t5836),(t1566,t4787)),((t3824,t2359),((((t2370,t5106),t4814),t3789),t2632))))),((((t424,t5883),t4153),(t1217,((t1386,t3672),(t3514,t3059)))),(((t3072,t3622),(t2510,(t3767,t5682))),t762)))),((((t265,t5376),(t4806,t5892)),t2139),(((t777,((t2531,t1754),(t1805,((t2048,(t3274,(t4209,t5741))),(t2396,t3001))))),(t1589,t3874)),(((t1072,t4807),(t4149,(t4515,t5697))),(t3478,(t4116,t4255)))))),(((((t66,((t3497,t4588),t3895)),(t2280,(t3681,((t4994,t5531),(t5395,t5470))))),(t727,((t2912,(t4943,t5220)),t3449))),(((t2286,t3134),(t2887,(t4364,t6060))),(t1114,((((t2376,t3608),t3548),(t2552,t5670)),(t3825,(t3999,t4522)))))),((((t464,(t5032,t5592)),t4020),(t2694,t4619)),t2350)))),((((((t603,t2528),t1767),((t3185,t5827),t5200)),(((((t213,t5366),(t4761,t5100)),t3501),(t2739,t4131)),(t2055,t3694))),(t1161,t1848)),((t504,t2034),(((((t526,(t1393,(t4092,(t5110,t6003)))),t1312),((t770,(((t1035,t4768),t2819),((t1050,((t1810,((t2380,t3724),((t3544,t4999),t4229))),(t2137,t3471))),(t2970,t6151)))),((t2374,(t4305,t5142)),t2788))),(((((t2251,t4053),((t2659,t5095),t4944)),(t1650,t3586)),((t2411,t6133),(t3151,t5645))),(((t799,t3371),(((t3819,((t4088,((t5454,t5612),t5480)),t5441)),t3149),((t1672,t5723),t4313))),(((t1011,t5484),t4189),t3786)))),(t511,t3603)))))),((((((t398,(t2426,(t3372,(t4871,t6175)))),(t1379,(t3870,(t4243,t4281)))),((t1249,t4977),t3205)),(((t551,(((((t1174,t5566),t5461),(t3683,(t4453,t4456))),(t2774,(t2781,t4366))),((((((t1695,t3396),t2863),t2718),(((t2441,t5751),t5133),(t2488,t5176))),(t2348,t2681)),(t1818,(t3918,t5997))))),(((t898,(t3114,t6136)),(t2017,t5534)),(((t1945,((t5714,t6101),t5879)),t4059),((t2142,t5811),(t2336,t3190))))),(t2234,(t3589,t4843)))),(((t1690,t3759),(((t1188,t4653),(t4582,t5825)),t2727)),(t1230,t4919))),((((((t403,t5540),t5114),t4178),(((t2312,t5748),(t3743,t3883)),((t3403,(t4849,t5113)),t4202))),((t654,t4526),t2867)),((((((t811,t5961),((t3257,t4521),t3442)),(t1677,(t3355,t4492))),(t1069,t2974)),(t3199,(t3451,t5198))),(t702,((t2595,(t4013,t5918)),(t3508,(t4555,t4801)))))))),((((((((((((t619,t5377),t4947),t1668),((t1026,(t5254,t5783)),t4739)),((t1001,t3307),((t2129,t4145),(t2296,(t3425,t5439))))),(t1492,(t3097,t6000))),((((t863,t4393),t4091),t1909),(((t690,t5941),(t4674,((t5492,t5769),t5736))),t2920))),(((((t633,t4771),((t1329,t5151),(((((t1560,t5430),t4387),(t3561,t4422)),(t1676,(t1759,(t3486,t4355)))),(t1662,(t4706,t5065))))),(((t1325,(t4611,t5623)),(t3324,t3800)),(t1696,(t2107,((t2187,t5173),t3582))))),((t515,(t3252,t5690)),((((t959,t3810),(t2393,t4376)),((t2195,t3519),((t3661,t5323),t4577))),t1453))),((((t383,(t3492,((((t4560,t5833),(t5711,t6148)),t4895),t4875))),t2392),(t1313,((((t1841,t4627),(t3542,t5759)),((t2598,t5529),t4743)),t2118))),((t552,t4240),(((t2853,(t4766,(t5511,t5739))),((t970,(t3304,t5381)),((t2955,t5845),t3757))),(t1064,(t5777,(t5889,t6178)))))))),t338),((t361,((t1323,(t4103,t5674)),((t2466,t5365),((t3277,(t4966,t6146)),(t3554,(t3796,t5608)))))),(((((t357,t3453),(t2037,(t2983,(t4520,t4742)))),(((t2171,t5569),(t4070,t4925)),t2629)),t1139),((t636,((t3820,(t4441,t5257)),t4119)),t3165)))),(((((t447,t3960),(t2400,t3667)),((t1982,t5249),t3357)),(((t1899,t3080),(t2901,t4044)),t1345)),((t848,t3090),((t2227,(t4496,t4604)),(t2803,t6183))))),(((((t74,t4241),t2890),((((t798,t5768),t5664),(t3526,t4262)),((t2106,(t3364,(t3952,t4623))),t3091))),(((t3284,(t5486,t5671)),(t4535,t5356)),((t767,t4534),(t1474,(t4435,t4704))))),(((((t889,t2339),(t1622,((t4377,t4985),t4899))),(t1191,t5087)),((((t715,t3035),(t2936,(t4693,t5353))),t2078),((((t1324,t5347),(t4667,t5538)),t2988),t2302))),((t260,((t1885,t3160),((t2562,(t4253,t5808)),t4231))),(((t1136,t2761),t2330),((((t1246,(t6013,t6055)),(t4008,t4214)),t2559),(t1457,t4417)))))))),((((((((((t56,(t3682,t4050)),(t1181,t4777)),t846),(((t242,(t5830,t6037)),t4162),(((t1913,t2736),((t2807,t4812),t3326)),t3530))),(((t193,(t4039,t4683)),((t1850,(t5251,t6056)),(t2094,t2834))),(t705,((t5403,t3735),(t3958,t5037))))),((((t167,t1920),(t1429,t1931)),(((t1111,t4566),t3746),(t3738,t4809))),(((t988,(t4170,(t4254,t5012))),t3506),(t3226,t5927)))),((((((((t431,t3828),((((t3330,t5816),(t5216,t5915)),(t3437,t4525)),(t2338,t4741))),(t2459,(t2948,((t3082,t5981),t5175)))),(((((t399,(((t3942,t5011),t4517),t4193)),(t4226,t5729)),(((t1552,(t2820,(t3761,t5957))),(((t1808,t4075),(t3747,t3987)),((t3640,t5599),t4589))),(t1760,t3594))),((((t373,t3343),(t2551,t4010)),((t2114,(t3013,t5818)),t2372)),((t3972,t951),(t2854,t4621)))),(((t380,t4981),t4979),((t2540,t4291),(t2453,((t4480,t5603),t5062)))))),(((t212,(t4403,(t5054,t5662))),t2502),((((t3645,(t5005,t5320)),((t1854,t6176),t5916)),t3232),t2437))),(((t733,t5537),((t2084,((t3494,t4649),t3869)),((t4493,t5952),t5427))),((((t1340,t4736),t3853),(t1498,(t3377,t4420))),((t1625,(t2972,t5967)),t1062)))),(((((t258,t5297),t4057),(t2404,(t2721,((t3627,t5974),(t4804,t4928))))),t692),(((t157,t5459),(t3156,t3258)),t832))),(t302,(t386,(t4302,t4744))))),((((t33,((t697,((t1833,(t2150,t4416)),t1109)),(t922,t5721))),((t268,t2046),t1183)),((((t247,t5922),((t2028,(t3467,t5643)),t2113)),(((t1461,t2971),(t2169,t3269)),((t2072,t3271),t2956))),((t756,(t4550,t5425)),(t3512,t5043)))),(((t1445,((t1663,(t4650,t5177)),t4221)),(t220,((t3416,t5669),t4157))),((t4026,t5097),(t4443,t5935))))),((((((((t572,t5383),(t3027,t5494)),(t2744,(t2830,t6014))),(((t2327,t6142),t4701),(t2379,t3595))),((((((t1734,t5039),t4556),(t4060,((t4359,t5595),(t5230,t5398)))),(((t1755,t5070),t4989),t3283)),t1886),((t1678,t5333),t4510))),((((t662,t4541),(t2153,t5329)),(t1776,t3429)),(t2716,(t3517,t4239)))),(t130,(t2840,t5252))),(((t29,(((t3835,t5021),t4936),(t4497,t6077))),t2729),((t1292,(t1585,t3003)),((t1444,(t5616,t6073)),t2647))))),(((((((((t1173,(t5473,t6033)),((t4043,(t5299,t5474)),t5026)),t3456),(t3126,t4128)),(t1221,(((t2653,(t4167,t4902)),t3995),((t3638,t4215),t3654)))),(t54,(t4884,(t5576,t5799)))),(((t1137,t5225),t3811),((t4805,t4942),t4472))),(((((((t2754,t5835),t5501),(t1530,t3891)),(t1583,t3936)),((((((t1656,t5195),t4976),(t2390,((((t2602,t5336),t4258),t3991),t3518))),(t3045,t4958)),t1849),((t2192,t5306),(t3619,t5722)))),(t974,t4406)),(t508,(t586,((t2628,(t2692,(((t3107,t5309),t4297),(t3617,t5585)))),t3229))))),((((((((t276,t3220),t3050),(t908,t3863)),t432),(t1089,t6169)),(((((t1652,t5683),t1824),(((((t1830,(((t3833,t5848),t5731),t4278)),t2051),(t1910,t2156)),(t3636,t5391)),t2499)),(t1532,(t5000,t5166))),(((((t748,(t4772,t5111)),t4356),(t3687,t5112)),((t1510,t3666),(((t2117,(t2501,t3278)),((t2130,t3693),(((t5812,t6109),t4382),((t3106,t6105),t3369)))),t1582))),((t1019,t5903),((t1981,(t2926,t3925)),(t2229,t2395)))))),(((t226,t6149),t2082),((((t2085,(t3483,t5548)),(t3171,(t3848,t5513))),t3088),((t1331,t3774),(t2861,t6034))))),(((t2622,(t3783,t6080)),(t2269,t4733)),((t623,t6070),(t3831,t6128))))))),((((((t2003,t4467),(((t1788,(t5044,t5471)),t4548),t4499)),t1485),((t2323,t4794),t4637)),((((t76,t4310),(t3555,t5434)),(t2523,((t2620,t4413),t4081))),((((t456,(t2608,t2979)),(((((t1383,t5443),((t3715,(t3978,t4698)),t3815)),(t3154,t4143)),t1799),(t1724,t3558))),((((t956,t5281),t3623),(t1970,t3632)),(((t2060,t4404),(t2612,(t2617,t6094))),t2266))),(t851,t2930)))),(((((((t490,(t2492,t2977)),(t1935,(t2408,((t4187,t5525),((t4272,t5059),(t4292,t5869)))))),((t1352,(t3897,t4138)),((t1761,t3659),t2346))),((t758,(t2432,(t3445,(t4752,t5715)))),(t1286,t4671))),t2305),(t306,(((t436,t4434),(((t1195,(t5763,t5956)),t2755),(((t1350,t5478),t4932),((t4567,t5013),t4774)))),(((t734,(t4817,t4838)),((t1943,((t3438,t6095),(t4144,t4282))),((t893,t5854),t3051))),t1706)))),t194))),(((((((((t587,t2532),((t839,((t2626,t5370),(t3310,t6093))),(t2506,(t2642,t6153)))),((t564,((t2258,t4672),t3689)),((t1117,t3711),t2981))),(t505,(t3339,(t4795,t5841)))),(t4488,t5978)),((t1700,((t2053,(t3018,t3765)),(t2557,t3574))),((t89,t4431),((t3351,t5405),t3756)))),((((((((((t771,(t2726,t4916)),((t1127,t4775),((t3841,t2519),(t3081,t3264)))),((((t794,t5619),t5223),(t1553,((((t4120,t5507),t4132),t4524),((t3826,t5354),t4293)))),((t1260,t5194),((t2249,(t3777,t4140)),t2672)))),t676),((((t2007,t3446),((t2356,t4198),t291)),t1980),t1946)),(((((t957,t4689),(t2869,t3838)),(((((t1227,((t4726,t5263),(t5030,t5244))),(t4285,t4430)),(t4267,t4880)),((t1522,t4661),t1561)),(((t1315,t5928),(t5304,t5533)),(t2159,t6103)))),t1780),(t2765,t5452))),((((((((t379,(t5505,t6096)),(t1450,t3179)),((t1518,(t3206,t5945)),(t1997,t6152))),t1051),(((((t2827,t3306),(t3198,t3692)),(t3935,(t4929,t6180))),((t2147,t4878),t4264)),(((t3629,t4686),t2746),t4101))),((t699,(t5068,t5955)),t746)),(t328,t6089)),((((((t1083,(t3986,t5852)),t2255),t1284),(((((t1209,t4640),((t1698,(t4383,t4598)),(((t4261,t6126),t5921),t4959))),t1506),t1478),(t1333,t3696))),((t1568,(t4265,t4758)),t3006)),(((t714,t2070),((((t2135,((t3270,t4886),t4557)),t2922),t1995),(t1564,t4872))),t3210)))),t280),(((t6,((t3344,t6042),t4571)),t3135),t1867)),(((t159,((t1179,((t1479,(t4819,t6086)),(t3221,t4841))),(t1456,(t2701,(t3809,t5580))))),(((t1002,(t5185,t5924)),(t1015,t1268)),(((t2947,t3461),t2170),((((t570,t5862),(t4181,t4242)),(t3470,(t4093,t4837))),t2987)))),(((((t985,(t3418,t5101)),(t3268,((t5255,t5976),t5526))),((((t4114,t4395),(t3540,t5161)),((t2417,t5684),(t4790,t4887))),((t1437,t4675),((t3246,t6099),t4256)))),((t1720,(t2513,t3325)),(t1263,(t5419,t6072)))),((t562,t5536),((t1978,t4095),((t3447,t4647),t4166))))))),((((((((((t1243,t4851),t4248),((t2891,t3719),(t3567,t5508))),(t1480,(t2783,t3379))),((t658,t5950),(t2687,(t3358,t4391)))),t2660),t828),(((t807,(t1539,t2664)),((((t4738,t3182),t3583),t3464),t3452)),t1061)),(t1639,(t2882,t5122))),((((t1040,t4199),(t2071,((t2100,(t2730,t4123)),((t2444,t5517),t5160)))),((((t1297,t5048),t4341),(t4332,(t4415,t5546))),(t1311,t4818))),t541))),(((((((((t1544,(((t3148,t5217),((t4287,t4609),((t4562,t5402),t4570))),(t3164,(t3474,t4688)))),t1811),(((t1558,(t4664,t4972)),(t2527,(t3660,t4854))),t2418)),(t382,t4389)),(((t1096,t4309),(t2775,t3462)),((t1590,t3069),(t1864,t5761)))),t1047),(((((t1017,t5658),((t4190,t5259),t4294)),t3421),((t2517,(t1189,t4572)),(t2108,(t4873,t5208)))),(((t1193,(t5211,t5948)),((t2292,t5982),t5081)),(t2064,t2556)))),((((t124,t5898),(t1719,(t2214,t4478))),(t2798,t1595)),(((((t410,t4347),(t3175,t3557)),(t1155,t4697)),t1471),((((t1438,((t2883,t5999),t3004)),(((t892,t5618),t3233),t3124)),((t923,(t2024,t2383)),(t1692,(t5805,t5975)))),((t916,t5804),t2116))))),((((((t367,t6024),t5559),t4206),t2613),((t977,(t2454,t4107)),(t2165,(t3563,(t3639,t5902))))),(((t667,t5303),(t2572,t3649)),((t1269,(t4284,t5844)),((t3859,t6085),t5521))))))),((((((((((((((t188,(((((((t465,(t3712,t5629)),((t1671,(t3834,t4343)),((((t1960,((t3709,(t5636,t6088)),(t4980,t5053))),((t3963,(t5775,t6021)),(t5707,t5795))),t3256),(t3024,(t5951,t6124))))),((t2155,(t3575,t5361)),t2315)),(t2162,t1385)),(((t1004,t4762),(t3653,t5790)),t1715)),((t728,((t844,t4802),(t2329,t3688))),t960)),(((t996,((t2655,t3577),((t2656,t4666),(t3227,t4651)))),(((t2151,(((t2378,(t4639,t5228)),t4177),(t2866,((t2914,((t4217,t4759),t4483)),t3926)))),t2402),(t1366,((t3347,t5318),((t4900,t5888),t5784))))),(((((t2188,t5798),(t3237,t6047)),(t681,t6100)),(t1542,(t5082,t5148))),((t1362,((t1601,(t3410,t4874)),(t2075,(((t2677,t5393),t4848),t3604)))),t1364))))),t471),(((((((((t1119,(t4017,t3047)),(t729,(t2500,t5143))),(((t760,t6160),(t4939,t5008)),(t3798,t6195))),((t1200,(t1633,t2537)),(t1244,(t2800,(t4842,t5025))))),(((t1000,(t3797,(t6116,t6190))),t1983),(t679,t4384))),(((t479,t2299),t2152),((t2066,t5720),((t4115,t5966),(t5702,t5847))))),(((((t1145,t5577),(t3073,t3248)),t1100),t414),((t962,(((t2895,t5614),t4097),(t3260,t6155))),(t1233,t2777)))),((((t365,((t1793,(t3625,t5712)),(t2161,t5738))),((t2099,(t4850,t6074)),(t3758,t5204))),t1395),t1414)),(((((t853,t4003),(((t914,t2982),t2220),(((t1902,t4732),t4645),(t3509,t4041)))),((((((t1113,((t1420,t5876),(t2173,(t4595,(t5837,t6041))))),t1370),t2599),((t968,t4827),(t2927,(t3913,(t5764,t5787))))),((t751,((t2594,t6061),t4025)),(t859,((((t1735,t4858),(t1752,t5074)),(((t3690,t4599),t3947),(t3773,t5792))),((t1262,(((t2373,t5891),t5346),((t3111,t4111),t3144))),t1787))))),((((t2090,t5654),((t4620,t5823),(t5563,t5940))),(t2993,t5469)),((t1254,t5372),((t1693,(t3183,t3333)),t4033))))),(((t385,t5868),(t3251,(t4910,t5079))),(t2104,t3722))),((((t1363,(t5028,t5596)),t3025),t1697),(t1667,t4828))))),((t444,(t5642,(t5780,t5820))),(((t1588,(t880,t3975)),(t1355,(t4220,t5701))),((t2022,(t4978,t5350)),(t2479,t4346))))),((((((((t470,t5954),(((t3143,((t3359,(t5553,t5920)),t4407)),((t3200,t6194),t4553)),((t2446,(t4747,t5092)),t4348))),((t1516,((t4336,t6185),t5282)),(((t1741,t3934),t2257),(t1881,t4600)))),(((t593,(t5024,t5442)),t4514),t1737)),(((t857,t3005),t2282),((((t1359,t4991),(t3031,t4104)),t1703),(((t1513,(t4923,t5178)),((t1972,(t2874,((t3100,(((t4354,(t5396,t5996)),t5019),(t4530,((t4682,t6110),t5949)))),((t3708,t5138),(t5121,t5679))))),((t2478,(t4778,t5420)),((t2763,t3404),t3098)))),((t1615,t6140),t5104))))),t752),(((t325,(t2212,t5556)),(t2241,t548)),(((t3350,(t4073,t4933)),t3599),(t4815,t5819)))),(((((((((((t1293,t5893),t5034),(t1682,(((t1918,(t4532,t4877)),t3121),(((t1976,t4974),t3093),(t2833,t4365))))),(((t1427,t3414),(t2789,(((t4295,t6008),t4612),t4537))),t1489)),(((((t934,t5351),t5099),t4561),t4322),(t1658,t3178))),((((t2039,t5311),(t3280,t3503)),(t2980,t6048)),t2183)),(((((t709,t5558),(((((t926,(t5321,t5880)),((t2858,t4844),(((t3677,t5222),t4960),((((t4398,t6038),(t5296,t5713)),(t5078,(t5384,t5859))),t4728)))),(t2749,t4283)),(t3675,t2178)),t2052)),(t2767,(t4211,t5429))),(t1220,(t1500,t1897))),((t1178,(((t2197,t4860),t4021),(t2958,t5581))),t571))),((((t324,((((t2121,(t5488,t5809)),t5374),t5235),(t3235,t3609))),t1928),(t1565,t3887)),((((t618,((t2768,t3939),(t3543,(t3909,t4709)))),t2684),(t2294,(t3912,t5803))),(t1985,t5709)))),(((t183,t2881),((t2771,t726),((((t1405,t3699),(t3400,((t3458,t5900),(t3618,t5414)))),((t2633,t4763),t3923)),(t2526,t2846)))),t1229)),(t182,((((t854,t6035),t5378),(t2495,t2859)),(t1922,t5422)))),(((((t1712,((t5224,t6059),t5424)),((t5203,(t6017,t6091)),t5284)),((t582,t3691),(((t2651,t5877),t3581),t2705))),(((t643,t5719),(t1574,((t5265,t6157),t5744))),t1007)),(t2750,t4005))))),(((((t116,((t2844,t4717),(t2913,t3914))),t2605),(t1856,((t3728,t5118),t4465))),(t696,((((t800,(t4658,t5016)),((t3132,(t4512,t5047)),(t3732,t6058))),t1954),(t990,((t2181,((t3742,t4995),(t3933,t6138))),(t2333,t3967)))))),(((((((t739,(t3867,t3885)),t3033),(t3314,t4487)),(t1448,t1987)),t3279),(((t855,((t2425,t5077),(t4301,t5210))),(t1853,((t2619,t5547),(t3658,t4370)))),((t1839,t3812),t2978))),((t531,(t4080,t5923)),t2225)))),((((((((t469,((t1310,(t3521,(t3790,t4410))),(t3036,t5278))),(t674,(t3911,t6007))),(((t512,t3407),(t1975,t2811)),((t517,((t1401,t5772),((t1608,(((t3370,(t5295,t6069)),t4454),t3705)),(t2448,t3671)))),t862))),((t1053,t2841),(t652,((t1412,((t2179,t5611),t3782)),t1555)))),((t568,t6173),t296)),(((t13,(t2182,t4824)),((t1369,t3955),(t3475,t5344))),(((t389,(((t3997,t5860),t5362),t4613)),((((t2480,t6019),(t5342,t6184)),t2644),(t1579,t5038))),((((t1224,t6122),t5266),((t1408,t2933),((t1929,t3917),((t2352,t5979),(t5308,t5905))))),(t1301,(t3250,t3511)))))),((((t97,(((t1989,(t5098,(t5747,t6098))),t4024),(t2809,(t4324,t4906)))),t1868),((((t1339,t5219),t4028),t2848),((t2549,t6102),t4179))),(((t1381,((t5027,t5789),(t5463,t5524))),t2504),((t808,t3276),(t2119,t2616))))),(((t147,(((t713,t2900),((((t1422,t4551),t4449),(t3158,t2805)),(t2458,t6052))),((t575,t3573),t1957))),(((((((((t648,t4426),t4203),(t2666,t5491)),t2592),t2253),((((t1556,t4134),((t2631,t5131),(t2758,t5477))),(t1219,((t5040,(t5706,t5897)),t5560))),((t945,(((t2864,t5633),t5084),(t1689,t4735))),(((t1638,t4596),t2306),t1648)))),((((t817,t5685),(t3962,t4141)),(t2412,t5313)),((t2368,(t3866,t4086)),((((t2847,t6162),t5020),t4622),t3316)))),(((t237,t5778),(((t2033,(t971,((t4227,(t5213,t5348)),t5205))),t1924),t1602)),((((t819,t6036),t3620),((t4657,t5085),t2043)),((t1033,t4702),((t2132,t3192),(t2407,((t2440,t4905),t3804))))))),((((((((t1056,(t4042,t5055)),t3103),(t2928,t3737)),(t2911,((t3569,t5605),t4099))),(t2889,t3674)),(((((t1094,(t3034,t4755)),t2735),t2521),((t2419,(((t4126,t5943),t4982),(t4970,t5766))),((t4019,t3399),t3415))),t1866)),(t70,((t3481,(t5275,t5964)),t4344))),((t246,t2547),(t1085,t5090))))),(t77,((t1211,((t3023,t5870),t4558)),t1472))))),(((t95,((t2009,t665),(t1528,(t3187,t4072)))),((t144,t3473),((t1112,(((t1131,(t3337,((t3736,t5410),t4277))),t3288),(t1843,(t3167,t3680)))),((t1576,t5455),t899)))),((t446,(((t2254,(t3549,t5564)),(t3813,t4591)),((t1969,((t4219,t6111),t5056)),t3551))),(((t673,(t2201,t5298)),t1079),((((((t2403,t3368),(t2431,(t3261,t5648))),t5325),t1891),((t1559,(t3058,((t3197,(t4714,t5609)),t3971))),((t2398,t4784),t2489))),((((t2160,(t4040,t6051)),(t3137,(t4329,((t4687,t6144),t4724)))),(t2243,t4066)),t1959)))))),((((((t41,t2311),t1961),t1977),(((((t1673,t2324),t1607),t1654),((((t1617,t4797),(t3932,t5389)),t3857),(t3209,t5243))),t1008)),((((((t523,t4935),t4610),t2512),((t940,t5656),((((((t1105,t5567),t4727),t3485),((t2429,t4652),t4603)),t2138),((t1554,(t3040,t5290)),t2277)))),((t1088,t4829),(((t989,t4888),t3231),(t1231,(t3375,(t4320,t5695)))))),((t1533,((t1505,t5499),(t1637,t4615))),(t3880,t5554)))),((((t335,t3830),((t1476,t3394),t1857)),(((t2737,((t3068,t5451),t4036)),(((((t749,t3504),((t3146,t5801),((t3905,t6161),t4373))),(t2465,((t4317,t6087),(t5590,(t5953,t6026))))),(t2102,((t2752,t3431),t2591))),(((t4539,t4545),t4307),(((t2589,t5939),t5919),t4896)))),t1925)),((((t122,t6084),t4061),t2969),(t1994,t4655))))),(((((t156,t3293),(t975,t5435)),((((t532,t4439),(t2909,t5733)),(t1829,(t3556,t6108))),(t750,((t1877,t5466),(t2944,t3662))))),((((t583,t5253),t4696),t4670),(t2584,t4826))),(((t2126,t3087),((((t559,(t4632,t4822)),(t2136,(t2576,t3218))),((t1214,t4569),(t2893,t4381))),((t1406,t4161),(t1515,(t5183,t6076))))),(((t507,t4490),t4002),(((t601,(((t2924,t5061),(t4380,t4385)),(((t3140,(t5072,t6004)),t3564),t3295))),(t1272,(t4948,t5408))),((t1140,t5998),(((t1241,(t5423,t6068)),(t3444,t4065)),t2828))))))),(((((((t1034,((t4409,t5109),t4846)),t3601),(t3528,t4159)),(t2916,(t3948,t4885))),(((((t949,t6011),t2832),(t1468,(t5417,t6127))),(t1789,(((t3893,t6022),t4331),((t3965,t6164),t3981)))),(((((t2424,t3903),t2164),((t1070,t4586),((t3778,t4665),t3176))),(((t1099,t4594),(t1699,(t4554,t4934))),(t1258,t4788))),((((t2095,t5696),(((t3042,t5681),t5272),t4360)),(((t2952,t4975),((t3282,t5457),((t3710,t4993),t4018))),(((t3194,(t5373,t5646)),(t4064,t5170)),t3202))),(t2273,(t3085,(t3133,(t3584,t5972)))))))),(((((t31,(t2210,t5156)),((t1773,t3385),t2391)),((t534,((((t1707,t5489),t4516),(((t4746,t3309),t4987),t3701)),(((t1973,t6166),t4751),(t2770,t4296)))),(((((t1424,(t2680,t2326)),((t1860,t3009),(t2658,(t3924,t6071)))),t1499),((t2054,t5727),((t4174,t5600),t4200))),t4473))),(((t312,(((t1318,t5481),t3224),(t1702,(t3240,t4881)))),(((t1055,t5483),((t3888,t6106),t4169)),(((t2934,t5984),t5908),t4676))),((((t704,t4760),(t3389,t5572)),(t1721,t3378)),(t932,(t1413,t4110))))),(((t120,((t3079,t5931),((t3635,t5872),t4463))),((t1483,t3821),(t2524,t5587))),(t191,t2961)))),((((((t1434,t2461),((t2002,((t4136,t6081),(t5680,(t5968,t5977)))),(t2906,t5561))),(t677,t3388)),((t3376,t4552),t3433)),(((((((t1201,t5678),((t2568,t4800),t4259)),((((t1251,t5730),t4379),(t3698,t4957)),(t2259,(t3624,t4321)))),((t1170,(t3381,t5447)),((t2790,t5270),(t3054,t4150)))),(t864,((t1488,t4470),((t2272,((t3937,t4323),t2929)),(t2636,t3331))))),((((((t1162,t5840),t5363),t3861),(((t2582,((t3066,t5360),t4260)),t2957),(((t1497,(((t4112,t5421),(t4182,(t4252,t4372))),t4705)),((t2639,t4464),t3225)),(t1705,t5181)))),(t405,t4368)),((t1038,(t3744,t4737)),(t2580,t5839)))),(((((t293,t2481),t2076),(t1792,((((t2127,((t4082,(t4475,t6031)),t4246)),t3968),(t3602,t3779)),t2331))),((t1308,t4155),(t866,t6009))),(((t2224,(t3545,t4997)),(t2673,(t4076,t5080))),t3730)))),((((((t387,t5186),(t3244,t4679)),t3434),((t2010,t2274),t2835)),(((t816,(t4051,t5140)),t969),((t2469,t3750),t2561))),(t600,((t847,t5503),(t885,((((t1277,t5544),t5502),(t3910,t5164)),((t3139,t3733),((t3616,t5865),t3802)))))))))),(((((t100,t5885),((((((t1467,((t1491,t6135),t2773)),(((t565,t5152),(((t4196,t5832),t5262),t4304)),(t2105,t3188))),(((t1917,((((t3145,t5184),t4345),t3901),(t3568,((t5635,t5930),t5755)))),t3053),t1426)),((t1044,t5796),t3299)),(((t896,t5528),t4135),(((t1423,t5066),(t4279,(t4796,t5589))),(t4180,t5045)))),(t657,(((t753,(((t2019,t5115),t5102),t2342)),(((((t1409,t5861),t5514),t3409),t2341),(t1738,t5136))),((t1387,t5632),((t2700,(t3977,t5692)),t5364)))))),(((((t476,t5496),t4094),(t2146,t3386)),((((t1091,t5890),(t3892,(t4071,(t4523,t5064)))),t2697),(t1593,(t3460,t6027)))),(t822,((((t1014,t2849),((t1691,t3422),t1948)),((t1098,t6187),(t2025,t3775))),((t955,(t3010,t3212)),t2965))))),(((((t1428,t6145),t4466),((t4049,t2322),(t3793,t5750))),t149),(((((t249,(t3311,t3406)),((t1704,(t3443,t4786)),(t2018,t4533))),(t1655,(t2364,t4290))),(t737,t1377)),((((t653,t5315),(t3498,t3879)),(((t4745,t4913),t2014),t3356)),(((((t1425,t5129),t3865),t3631),t2967),t1368))))),(((((t19,(((t2719,t5446),t5367),(t2785,t5756))),(t1806,t4753)),(((((t2369,t5601),t4353),t4316),(t2904,t5597)),((t2720,t5150),t4201))),((t1375,t4445),(t2030,((t3593,t3957),(t3641,t4629))))),((((t698,t2776),(t1487,(t5003,t5814))),(t215,(t782,((((t1342,t6182),t6141),(t5167,t6016)),t2123)))),((((((t1952,(t2248,t5864)),t2092),t1823),((t930,t5154),t1624)),(((t2894,t3236),t327),((((t1086,t6174),t4029),(t2438,t5015)),(t1863,t2430)))),((((((t1095,((t3011,t6107),t4908)),t2823),t845),t2263),((t1167,t2941),((t1465,t5737),t5206))),(t717,(t3223,t3679)))))))),(((((((((t11,t5155),((t1149,t2603),(t2049,t4821))),(((((t2354,(t5017,(t5260,t5994))),((t4312,t6171),t5371)),(t2045,t5817)),t1546),((((((t1482,(t4160,t6134)),((t3976,t5929),t5630)),t3162),t3063),t1606),t1549))),((t1304,(((t2986,t4950),t4300),t3064)),(t1623,t4303))),(((t788,t2799),((t1158,t2984),(t2959,t5762))),(t1108,((t1132,(t4440,(t4625,t5834))),(t1303,(t1597,t2096)))))),((t522,(((t1473,((t2083,t4894),t2110)),t1758),t1657)),t521)),(((t201,t5694),t5063),(t3136,t3884))),(((((t449,t1018),(t876,t6090)),((t294,((((t1152,t5158),t4624),((t4617,t5542),t5319)),((t1365,(t4077,t4951)),(((t2145,t5468),t5237),t4234)))),(((t735,(t2237,(t2449,t5970))),(t961,t5740)),((t1135,(t2059,(t4117,t5324))),(t2193,(t2470,t5539)))))),(((((t308,t4865),t3341),(t3039,t3998)),((t878,(t2235,(t5426,t5911))),(t1103,((((t1400,t5482),t5119),t3208),((t1686,(((t2596,t5677),t5071),t3170)),t2464))))),((((t486,(t3076,t3292)),((t2343,t5746),(t3303,t4833))),(t1859,(t4105,t6065))),(((t973,t543),(((((t1104,t5288),t5233),t5108),t4269),((t2931,t5873),t5867))),(t917,(t1225,(t4543,t4635))))))),(((((((t427,(t3695,(t5535,t5691))),t2661),((t1545,(t5247,t5782)),t4922)),t1520),(t1374,(t2992,t6192))),t881),(((((t616,(t4870,t5404)),((t2743,t5352),t4015)),(t2892,t1537)),t837),((((t1093,t4046),(((t2802,t5124),t4271),(t3155,t3762))),(t1535,t2814)),(((t707,t4564),t4358),t2724)))))),((t25,t1562),((t440,(t712,(t2111,(((t3044,t5406),((t4392,t5385),(t5256,t5397))),t4340)))),t315)))),(((((((((t304,t5201),t4531),((((t1023,t5700),t4400),((t2778,t2808),(t1335,(t4938,t6163)))),t1956)),((((t831,t5509),((((((((t1629,t5520),t4731),t4536),t4069),t3741),(((t3552,t5241),t5182),(t3882,(t5221,t5289)))),(t2989,(t2995,t4090))),t1911)),((((t1125,t4147),(t3086,(t4861,t5993))),t2386),t1620)),(t795,(t1016,(t1204,t2792))))),((((((t1861,t556),(((t1371,(t4547,t5672)),(((t2654,t4918),t3862),t3842)),(((((t1743,t5574),t5316),t4831),t3374),(((t1939,t5301),((t2963,t5946),t3228)),t2706)))),t1087),(((t2103,t2427),(((t836,((t4429,t5824),t5292)),(t3048,t4311)),(t2865,((t4773,t6005),t5432)))),(t1028,(t1060,(t1073,((t4546,t5653),t5267)))))),((t1647,((t3929,((t4100,t4333),t4257)),t4349)),((t2945,t5232),t4859))),t184)),(t765,t3928)),(t3234,t176)),((((t35,(((((t350,((t809,((t2638,(t4949,t5773)),t3605)),((t1168,(t3346,t5500)),(t1919,t6012)))),(((t353,t5271),(((t664,(t4275,t4659)),t3875),(t1626,(t4235,t6118)))),t516)),((t594,t3345),((t2560,t6119),(t4909,t5504)))),((t3336,((t4031,t6062),(t3983,t5130))),t3420)),((((t255,(t784,((t2520,t4450),t4052))),((t614,(t2293,(t2939,t4920))),(((t1199,((t3412,t5896),(t3806,(t5339,t5598)))),t3298),t656))),(t461,((((((t1192,((t2925,t5117),t3855)),t2870),(t2813,t3994)),((t2316,t5388),t4361)),((((t1351,t5340),(t3353,t4427)),(t2702,t4791)),((t1660,t4930),t3030))),((t1665,t5788),t2640)))),(t395,t1536)))),(t129,(t412,t3731))),(((((t1273,(t111,t2917)),t451),(((((t390,t3496),t3428),t900),(t827,t1852)),((((t694,t5698),((((t1722,(t5023,t5932)),((t3313,((t4087,t6032),(t4973,t5749))),(t3704,t5518))),(t2760,t5412)),((t1968,(t3468,((t3522,(t4630,t4692)),(t3748,t4518)))),(((t2000,t6030),t5294),t3651)))),((t1642,t5770),t5168)),(((((t4318,t5960),t724),(t3482,t3992)),((t3055,(t5269,t6121)),(t4192,t4457))),t2634)))),(((((t675,t5418),t3157),t871),((((t1739,t5326),t4022),t3749),(t3060,t4528))),((((t482,((t2271,(t4084,t5583)),(t3780,t5716))),(t1927,(t4529,t5042))),(((t611,t5863),(((t1459,t3436),(((t1575,t5369),t3300),(t2297,((t4891,t5988),t5497)))),((t1460,t3839),(t2880,t6137)))),t1057)),((((t1519,t5076),t4350),t3753),((((t1725,t5909),((t2304,t5006),(t4276,(t4476,t4857)))),(t2211,t3065)),((t2208,t5179),t3118)))))),((((((((t2585,(t3655,t5174)),(t2668,((t4852,t5621),t5379))),t4451),(((t1452,(t1809,(t1893,(t3067,((t3354,(t5910,t6044)),t4646))))),(((((t887,t5871),t3138),((t1411,((t5207,t6043),t6015)),t5147)),((t1769,t3706),(t1239,(t3776,(t4006,t4990))))),((t992,((t1882,t4503),t3850)),((((t1443,t5754),t4953),t4716),t1129)))),(((t1517,(((t1603,t5926),t3768),((t2087,(t2998,t5239)),(t2166,((t2340,t5358),t3074))))),(((t806,t5125),t4756),(t1777,t5578))),((t1415,t4009),t3323)))),(((((((t460,t6079),t3851),(((t3491,t6028),t4965),(t3807,(t4461,t4940)))),t2842),t2822),(((t2307,t5850),t2836),(t2780,((t3362,t5791),t3424)))),((t468,(((t1573,t5123),t3904),(t2068,(t2389,t5532)))),(((t1347,t4549),(t3301,t6053)),t2168)))),((((t362,t4749),(t3291,(t3703,t5231))),t769),((t759,(t3241,(t1321,t4580))),(t763,(t1134,(((t1551,t5031),((t2413,t4803),(t3397,t5286))),t2216)))))),(((t785,((((t1475,t5171),t2474),(t1802,t2381)),(((t1041,((t4961,t6131),t5196)),(t4565,t5248)),t3533))),((t1074,((t1765,t2627),t2185)),((t1373,t4414),((t1462,t3803),t4823)))),(((t1786,(t4890,t6064)),t397),(t1274,t4188)))),(((t413,(((t1855,(t5285,(t5815,(t5938,t6177)))),((t1043,t5475),t4673)),(t1441,(t3477,(t3818,t6010))))),((t80,((t3729,t6186),t5268)),t2804)),(((t372,t4455),((t1327,t4288),(t1795,(t3648,t4638)))),((t2325,(t4418,t5743)),t4232)))))),((t85,t5904),((t2533,t4792),(t231,t3847))))),((((((((t105,t3457),t2029),((((t1071,(t802,(t3493,t5018))),((t789,((t2144,t4559),(t2569,((t4306,t5807),t5562)))),((((t1901,t2643),(t904,(t2365,t2261))),(t1820,t4325)),(t1006,t4468)))),((t610,((t1908,t2291),(t2091,t2607))),(t998,((t2238,t4699),(t3938,t5602))))),((t773,((t1358,t3597),t4830)),(t494,(((t2637,t5215),(t3985,t4011)),(t2899,t3096)))))),((((t1389,(t1495,t1503)),(((t2140,t1577),(t2857,t3130)),(t1664,t5516))),((t858,t2732),(((t1280,t5649),((t2625,t4154),((t3920,t5522),(t4509,t5523)))),(t1716,(t3172,((t3265,t5800),(t3989,t5797))))))),t678)),(((t1580,t3361),t3626),(((((t261,t4914),t4757),t3550),t3108),t1177))),((((((((t216,(t4662,t5242)),t2711),((t2233,t3670),t3173)),(((t605,t877),t254),(((((((t269,t5555),t5283),(t3973,(t5001,t6112))),(t1511,((t2590,t5004),t5165))),((t766,(t3075,t4173)),t2862)),t642),(t671,(((t1052,((t1430,(t5105,t5550)),((((t2497,t5368),t4754),t4207),t3017))),(t1264,(t2962,t5515))),(t319,(t3128,t3931))))))),((((t928,(t6067,t6114)),((t1679,t3873),t1821)),t253),(((t310,(t4477,t5551)),(t1493,(t2245,t4062))),(t768,((t1025,(t3566,(t3954,(t4014,(t5699,t5760))))),(t1614,t4606)))))),((t132,((t1748,t3647),((t3254,(t5036,t5933)),t3791))),((t1862,((t2061,(t3131,t2279)),(((t2148,(t5116,t5855)),t4542),t4197))),(t2077,t5666)))),((((((t177,((t1514,t5088),(t2345,t2357))),(t1463,t4216)),(t1964,((t2256,t5752),((t3302,t4511),((t3559,t6125),t3860))))),(t701,t3439)),((((t1163,(t4079,t5530)),((t3539,t1651),(t2937,t5126))),((t1433,t4992),(((t2725,t5010),t4730),(t3363,t4684)))),(((t1267,t5169),((t1921,t4519),t2298)),((t1337,(t4394,(t4720,t5594))),(t2428,(t3022,t6189)))))),(((((t1598,t5144),t4408),((t3211,t5331),t3881)),t2416),(t4506,((t4793,t5273),t4903))))),((((((t20,(t5343,t5652)),t4579),(t4102,t4956)),(t4056,t5745)),((((t797,(t2741,t4191)),(((t834,(t3899,(t5234,(((t5588,t6181),t6143),t5821)))),((t3607,(t4879,t5689)),t4694)),((t3089,t4204),t4164))),((t2335,t5942),t4326)),((t574,t5591),((t3946,t5693),t4023)))),((t487,((t4405,t5878),t5180)),((((t396,t2665),(((t1778,(t2609,t5936)),t2442),(t1842,(t2191,(t2682,(t4195,(t4233,(t4436,t5676)))))))),(t1404,(t1531,(t1541,((t3123,t5843),((t3315,t5781),t3996)))))),t1341))))),((((((((t419,(t3049,t4390)),(t1645,(t4213,t4367))),(t1169,((t3214,t4585),(t3610,t6156)))),(((((t472,(t3267,t5330)),t2772),t2915),t1798),(((((t719,((t2318,(((t3966,t6168),t5828),t5229)),(((((t2794,t5073),t4507),t4098),(t3940,((t4931,(t5007,t5349)),(t4968,t5758)))),(t3840,((t5822,t6049),t5963))))),t2204),(t1305,t4962)),((t1282,t4825),((t2671,(t4238,t4342)),(t3052,t4587)))),(((t1215,t3788),((t1988,((t3245,(t5650,t5838)),(t4402,(t5190,(t5638,t5734))))),(t2530,t5742))),(t1630,t5985))))),(((((t1584,(t3872,t4677)),(t62,t3083)),(((t1436,(t5302,t5307)),t4544),t4504)),(((t3142,((t1644,t4251),(t1770,(t3321,(t3329,t6147))))),((t1388,(t2217,((t2509,t3950),t3166))),((((t2080,t5665),t5519),t3844),t3685))),t1298)),((((t502,(((t1133,(t4834,t5584)),(((t1285,t4680),(t3721,t5033)),t2997)),t1153)),(t1042,t5245)),(((((t553,(t3921,(t4142,t5899))),t3122),((t764,(t3565,t5458)),(((t1578,t5718),(t2815,t5771)),t1587))),((t747,t4915),((((t1138,t4783),t3532),t2203),((t1316,t5849),(t3969,(t4034,t4832)))))),((((t703,t5887),t4718),t3113),((t1874,t4690),(t2276,t4642))))),(t467,((t641,t6097),(t2058,t4911)))))),(t317,(t2810,(t1649,t5831)))),((((((((((t1557,t5189),t3259),((t2723,(t4750,t6104)),t4236)),((t2460,(t3580,t4421)),((t2618,t4901),t3195))),((t1871,t6054),t4967)),t1791),t4482),((((t943,t3448),((((t2004,t5882),t5793),t3837),t2189)),((t2784,(t4148,t5277)),(((t1804,t4641),(t2344,t4151)),(t1730,t2475)))),(t912,((t1996,t4605),(t3801,t5874))))),((t528,((t1512,(t3896,t4712)),t1888)),((t1009,t3450),((t2611,t5858),t2946)))),(t1870,((t2012,t6078),(t5238,t5655))))),(((t597,(((((t886,t5620),t4054),(t3628,t5995)),t2825),(((t894,(t2897,t3000)),((t3919,t4337),t2496)),t2267))),((t561,t5582),t3849)),(((t2824,t5051),t4055),t3571)))),(((((t682,t3979),((((t693,t4836),t4540),(t3026,(t4357,t3588))),((((t775,t5573),((t2218,t5338),((t2902,t4608),t3642))),((((t2008,t5717),(t5651,t5962)),t4839),t4513)),(t884,(t3384,t5132))))),((((t2534,t2908),((t1010,t2281),((t2288,t5663),(t3956,t4813)))),(t285,((t3275,t5570),t5002))),t434)),(((((((((t195,t5726),((t3615,t5925),t5382)),(((t3184,(t4969,t5490)),t4568),t4218)),((t1991,((t4163,t5906),(t4816,t5631))),t2409)),(((t1416,t3646),((t2515,t5886),t3657)),(t5604,t1636))),(t1027,(t2242,t4945))),((((((t1276,(t5332,t5345)),t4474),(t4152,t4691)),((t3562,t4484),t4289)),((t3665,t4855),((t2843,t5687),t5472))),(((t2202,(t3814,(t4785,t4971))),(t2635,t5686)),((t1751,t5328),((t2871,t5280),t3435))))),((((t882,t2801),(((t2308,(t4867,t5261)),((t3718,(t3982,t4423)),t3943)),(((t2600,t5192),t4618),t2691))),(t1674,t1790)),(t497,((t2422,((t2529,(t4074,t5067)),(t2923,(t4986,t5875)))),(t1711,t5274))))),(((((t2536,t3702),(t2714,t4424)),(t1240,t3352)),(((t2491,(t3189,(t4442,(t5314,t5958)))),t1923),((t979,t5586),(t2141,(t4781,t4904))))),t826))),(((t557,t2751),((((t2035,t2722),t2074),(((t1309,t3856),t2351),t1728)),(((t1247,t3168),((t1634,t4937),t2038)),((t1550,(t3340,(t3772,t4811))),((t1631,t4000),t5724))))),((t240,t5914),t4892))))))),(((((((((t38,t4273),((t520,(((t2247,t5992),t3787),t2309)),(t999,t5440))),((((t518,t5826),t3974),(((((t1302,t4984),t3547),(t3367,(t4508,t6083))),((t1873,t4459),t2477)),t2287)),(t621,t5543))),(((((t2186,t6150),(((t295,t5728),t3393),t3141)),t2733),(((t820,t6029),t5485),((t1670,((((t2976,t4668),t4369),t4045),t3760)),t2079))),((t266,t2450),(t1307,(t1569,t2303))))),((((((t720,t2942),((t1194,(t1605,(t1723,t4868))),(((t1252,t2606),((t1963,((t3152,t4634),(t3238,t4628))),(t2219,t4129))),(t1529,t4616)))),(t902,(t2264,(t3408,t5606)))),(t1454,(((t2184,t4703),(((t2511,t3898),(t3032,t3822)),(t2756,(t3077,t4083)))),((t2884,t5917),(t1834,(t4212,t6006)))))),(((((((t2940,t5387),(t5093,t5327)),t4882),t4208),(t3191,((t3984,(t5487,(t5613,t5842))),(t4954,t5708)))),t5453),(t4308,t4573))),((t437,t4764),((t1807,t4770),t3401)))),((((((((t458,(t2050,t2337)),((t1180,t5703),t2032)),(((t944,((t2040,(t3243,t5895)),t2455)),(t344,((t1334,((t2283,((t3177,t5571),t5312)),(t3043,t5400))),t2163))),((((t710,((t4124,t5029),t4448)),(t3726,t4663)),t2734),t761))),(((t1295,((((t1958,t4494),(t4001,t4319)),(t2228,t3366)),(((t2057,t5688),t4864),t3153))),(((t245,t5607),t4411),t2069)),((t3764,(((t1266,(t5810,t6159)),t5785),t4912)),((t2290,t4893),t4106)))),((((t1207,t2314),((t1940,t5641),t4765)),(t170,(t5661,t5806))),((((t206,t5983),t5083),t5637),t3335))),(((t2363,((t2885,((t3845,t5135),t4946)),((t3510,t4840),(t3878,t6046)))),t1394),((t2652,(t5380,(t5851,t6188))),((t2985,t6045),t3028)))),(((t1372,((t1390,t5973),t2795)),((t2621,t4866),t3637)),(((((t927,(t3263,t5250)),(t1080,t2703)),(((((t492,t5753),t5675),t4184),((((t2793,t5264),(t4165,t5392)),t3630),((t1835,t2503),(t2101,t5305)))),t947)),((t251,(((t3390,(t3466,t5291)),t3463),t2762)),((t2949,t1165),(t2175,(t2334,((t2360,t5965),t2675)))))),(((t2198,((t2507,t3916),(t3734,t3889))),(t993,t3423)),((t463,(t3432,(t4446,(t5337,t5980)))),t2044))))),(((t271,((((t2295,t3318),t2384),(t1270,((t1319,t2468),(t1875,t3084)))),((t1367,t5141),t3216))),(t47,(((((((t1032,t3014),(t2695,t4723)),(t2485,(t4334,t4576))),((t2199,(((t3751,(t4907,t5527)),t4601),t4068)),((t3499,(t4917,t5866)),(t4130,t5212)))),(t2174,(t2553,(t3852,t4146)))),((t1344,t5479),t4897)),(((t1306,t5431),t3864),((t2275,t4853),(t2764,t4952)))))),(t895,((((t1733,t5947),t4719),(t3338,(t3763,t4228))),((t3290,t5971),((t3535,t4244),(((t5086,(t5846,(t5856,t6117))),t4633),t4175)))))))),(((((t34,t3799),t1840),((((t146,(t1984,((t3217,t4798),t4648))),((t2013,(t2414,t3707)),(((t1836,t5857),t5127),t3430))),((t929,t5341),(t2270,t4171))),t950)),(((t117,t3858),(t1353,t4027)),((t879,t6063),(t3395,t5610)))),(((t852,t1766),t92),((((t67,t3002),(t2231,t5188)),(t1659,(t1898,(t2321,(t3769,t4299))))),((((t1572,t4268),((t1837,((t2779,t3980),(t3099,t5732))),((t2222,t6130),(t2320,t3484)))),((((t1619,t2494),t2011),(t1021,t3322)),t1534)),((((((t620,t5049),(t2213,(t2850,t3332))),(t2172,t3015)),t1717),(((t730,t5162),((t1376,t5386),(((((t1779,t5565),(t5094,t5579)),t3894),t3037),((t1914,t5628),t2587)))),t825)),(((t2317,(((t3668,t5276),(t3886,t5462)),(t3745,(t4584,t5802)))),(t483,t5153)),(t2278,t4856)))))))),((((((((t428,(t3459,t5853)),((t810,(t3105,t4500)),(((((t867,t6115),(t4700,t4983)),t4581),(t1757,((t2421,((t3538,t5058),(t4223,t5894))),(t2473,(t2966,t4137))))),t4085))),t453),(((((t393,(t4721,t5450)),(((t1635,((t3908,t5657),t5476)),(((t2693,t5705),t5436),t4133)),t2349)),(((t1238,(t2873,t5145)),(t2115,t2434)),(t1890,(((t1979,t3676),(t3348,t4926)),((t2036,(t4222,(t4471,t5014))),t3215))))),((t1048,t5322),(t2683,t4597))),((((t987,t4156),t3342),t2405),t2838))),t1756),((((((t287,t5668),t2791),t2597),(t1234,((t2467,(t5575,t6050)),t2676))),((t821,((t1432,t2910),t1884)),((t1120,(t3673,t6075)),t2565))),((((((t2176,(t3507,t5399)),t2645),(t1932,t5673)),t3109),((((t1203,t4438),t2575),((((t2358,(t4263,t5506)),(t3527,t5226)),(t2366,t5912)),((t2362,t2990),(t2498,t2586)))),(t2554,t5041))),t980))),(((((t311,((t3095,t5236),t4335)),((t1031,(t4063,(t4270,t5626))),t3273)),(t738,t5335)),(t197,(t3349,t4734))),((((((t609,t4740),(t2748,t4678)),((((((t981,t4669),t3720),t3222),(t1431,t2236)),((((((t2650,t5640),(t4030,t5991)),t3029),(t3092,(t4401,(t4654,t5779)))),((t1876,t2239),t4602)),t1675)),(t1763,((t3287,(t5279,t6020)),((t3469,t6165),(t4820,t4955)))))),(t905,((t2410,(t3129,t5091)),(t2875,t5390)))),((t2996,(t3684,t4433)),t3289)),t181))),((((((((t407,t4245),(((t1951,(t4998,t5287)),(((t2782,t5907),t5725),t3281)),(t3297,((t3964,t5409),t5193)))),(((t1338,(t3585,(t5060,t5647))),t2708),((((t1846,((t2950,t5197),t4479)),t2545),t2394),(t2223,(t3266,t6179))))),((t755,(t4230,t5394)),t1661)),t634),(((((t542,t5541),t2876),(t2122,(t4330,t4563))),((t1481,(t2490,t5022)),((t1571,t5512),t3656))),((((t1205,t5103),((((t1187,t5986),t5622),(t2610,t4656)),(t2486,(t2879,t3570)))),t1907),((t2753,(((t3754,t5625),t5149),t4280)),t3041)))),(t906,(t3871,t4883))),((((((t1020,t6170),t5209),(t2555,((t3012,(t4176,((t4428,t6167),t5139))),(t4113,t5667)))),((t1419,(t2975,t4058)),((t2125,t4338),(t2221,t4799)))),(((t958,t5757),t3546),((t2954,t6132),(t3417,(t5913,t6040))))),t2593)))),(((((((t84,t2353),((t2877,t6172),(t3944,t5944))),(((t909,(t786,((t2731,(t3560,t3613)),((t3101,(t4711,t5990)),t4047)))),(((t1727,t3513),(t1783,t2698)),((t4485,(t4660,t4835)),t3755))),(t651,(((t2573,t6025),t5415),t4444)))),(t369,(((t742,t4298),(t3328,t3553)),(t2445,t2149)))),(((((t342,(t4205,t6113)),(t2710,t5069)),(t2570,t5639)),(((t1744,(t691,t3272)),(((t1714,t5465),(((t2542,t5884),t5416),t5159)),t1966)),(((t991,t4578),((t2918,(t6057,t6139)),t4194)),t3606))),(((t394,t5413),((t1300,t4396),t3382)),((t637,((((t3391,t3827),t3455),t2543),t2558)),(t1121,(((t2588,(t4481,t5498)),(t4089,(t4631,t5191))),t3317)))))),(((t1768,(t1878,((t1906,(t3752,(t4237,t5627))),(((t3402,t6001),(t5444,t5829)),t5240)))),((t1013,t6120),(t1190,(((t1685,(((t3576,t5202),t4210),(t3902,t3953))),(t2907,t3697)),(t2252,((t3500,t3961),t3592)))))),((((((t639,(t3204,t3286)),((t2831,t5199),t4715)),(((t1128,(t5704,t5881)),t3951),(((t2615,t4681),t3502),t2669))),(t873,((t4452,t5557),t5157))),(((t796,t3740),t3159),((t2134,t4996),t3614))),((((t2200,(t3531,((t4315,t5046),(t4371,(t5617,t5776))))),t3515),(t2951,t4460)),(t3247,t5120))))),(((((((((t2518,t2994),((t3633,t5568),t5467)),t3669),(((t1208,(t2399,(t4035,t6129))),(((t1548,t2905),((t2689,t4122),(t3476,(t3915,t5449)))),((t1986,((t4038,t4713),t4643)),(t3516,(t4286,t4869))))),((t1524,t6002),t5464))),((t972,t5300),(((t1592,t5615),(t3061,t4486)),(t2663,t3927)))),(((t646,t5375),(t3714,t3816)),((t1817,(t4769,t5774)),(t2401,t5794)))),(((((t422,t5813),t2240),t2759),(t1356,t1713)),((t1726,(t4810,t6193)),t722))),(t282,(((t1248,t5096),t3186),(t2406,t5146)))),((((((t2,t5456),t4007),(t2740,t4941)),(t2268,t4425)),(((((t2472,(t4249,(t5075,t5317))),t3579),(t2935,(t3294,t3890))),t2717),((t3713,t5659),((t3868,t6082),t4889)))),(((t2206,t5293),(t5258,((t5310,t6023),t5552))),t3678))))));
data/birth_death/5000/model_trees/bd.1.model_tree	data/birth_death/5000/dcm_source_trees/100/bd.1.source_trees	4.509718179702759	4.06	0	0	1.0	0	0	1.0	((((((((((((((t281,(t5293,t5890)),t1640),(((t802,t5052),((t1623,t4530),(t4584,t1687))),(t5100,t6105))),((((t374,(t3645,t5820)),(((t1306,t3390),(t2185,((t2726,t5894),(t3397,t5305)))),(t3753,t1530))),(((t1275,t5024),(t3194,t5404)),(t2669,t5439))),((t955,t4395),t2364))),((((t341,t2859),t2829),((((t1783,t5606),t3940),(t3897,t4488)),(((t2079,t5762),t3553),((t3280,t4437),(t4381,t5179))))),((t428,(t2076,t3173)),(((t569,t4748),t4699),(t582,(((((t870,t5713),t2400),((((t1577,(t3063,t3684)),(t3473,(t3692,t4056))),t1531),t1514)),((((((t1431,t5963),(t4962,t5049)),(t4433,t5828)),t3245),((t1859,t6032),(t3400,t4474))),t2391)),(t1283,t5888))))))),((((t1090,t6129),t186),((t1207,t5895),t4286)),((((((t414,t3510),(t1244,t1303)),(t883,(t3432,t4483))),(((t997,t5219),((t2160,t2300),(t835,(((t3859,t5803),t4973),(t4182,(t4605,t6177)))))),((t1270,(t2961,t4088)),((t1669,t4205),((t2148,t5188),((t2983,t4079),(t3285,t5682))))))),(t572,(t1945,(t2828,(t5331,t5699))))),(t369,(((t2383,(t4499,(t5503,t5545))),t4037),((t3104,t5798),(t3953,(t5212,t5531)))))))),((((t142,t2986),((t1733,(t2834,t3411)),(t2572,t2851))),(t2513,t3365)),((t252,(t2444,(t3353,(t3013,t5528)))),((((((t1471,t6189),t4564),t3327),t263),(((t513,t1226),(t1040,t2527)),((t1234,(t2169,(((t2330,t5644),(t2861,t5600)),(t2727,(t4188,t4376))))),(t2096,t5740)))),((((t498,t4762),((t1979,t5926),(t2166,(t5648,(t5678,t5869))))),((t842,t4445),(t4326,t4465))),(((((t3199,((t4456,t5694),t4905)),t2849),(t1305,t2451)),((t1157,((t3539,t5889),t5876)),((t1299,(t2273,t4796)),(t2119,(((t1578,t5651),t5074),t3863))))),(t927,t2422))))))),((((((t1543,(t3048,t6033)),(t2617,t4658)),t1707),(t2471,((t3739,t5561),t4912))),(t1993,t2967)),((((((t1744,t6192),(t4782,t6141)),(t466,(t2719,t4984))),(t1014,t5705)),(t680,(((t743,t6136),t3248),(t1892,(t2833,t5322))))),(t967,((((t1060,t5738),(t4818,t5139)),(t4337,t4676)),(t1484,(t2917,t3228))))))),((((((((((((t779,t6212),t6112),(t106,(t4317,t6080))),t734),((((t474,(t1610,t4356)),(((t1293,t3222),t2876),(t1735,(t2336,t5291)))),((((t1278,(((t3129,t6234),(t5264,t6149)),t5040)),((((t2709,t6202),t4860),((t3708,t4921),(t3954,t4169))),t3435)),((t1896,t5688),t5630)),((t1787,t5902),t2996))),(t1716,t3486))),(((t229,t3575),(((((t1252,(t5397,t6014)),(t5313,t5786)),(((t1739,(t4554,t4785)),(t3101,t5532)),t2290)),((t1172,t5585),(t5409,t5920))),((t1621,t5312),t5142))),(t390,(((t583,t3867),t3168),((t2062,t2978),(t1885,(((t3785,t5884),t5483),(t4533,t6007)))))))),((((t632,t932),(t787,t5253)),t1612),(((t664,(t3014,t3967)),(t732,(t1721,t5173))),((t1277,t5499),((t4400,t5851),t4697))))),((((((t273,(t2888,((t3164,t4733),((t3299,t5766),t3720)))),t1651),((t906,t2496),((((t2005,t5220),t4587),t3804),t3607))),(t830,t1765)),(t1332,((t1336,t4412),t4243))),((t154,t6205),t429))),((t224,(((((t243,t5537),t5481),(t3887,t4217)),t3815),t803)),(((((t346,t4442),(t1361,t4153)),(((t1077,((t4765,t5898),t4897)),(t3015,t4059)),((t882,t6023),t2935))),(t798,(t2812,t4009))),(((((t387,(t4002,t4737)),((((t3165,t6213),((t5813,t6046),t5815)),t3609),((t3545,(((t3916,t5899),t5880),(t4421,t4721))),t3634))),(t2835,t4966)),(t2164,(t4177,t5603))),t1167)))),(((t600,(t3988,(t4509,t5878))),((((t740,(t4543,t5576)),t2685),t1487),(((((t744,t6104),(t3876,t5516)),((t2429,(t4502,t4755)),t3176)),t846),(((t1617,(t5227,t5785)),t4065),t3877)))),((((t599,t5675),t5379),(t2559,(t1269,t5849))),((((((t623,t4766),t4506),((t2449,t4067),(t4006,t4643))),((((t2029,t5593),t5353),t3664),t3342)),((t736,t2932),((t1686,((t3226,(t3813,t5765)),t5474)),t2822))),(t706,t1987))))),(((((t1131,t5490),t3533),(((t1505,(t4815,t5398)),t4096),t2365)),((t421,t5517),t4425)),(t2065,t5236))),(((((((t709,t6108),(t3189,(t3619,t6172))),t1906),((t86,t4548),t4143)),((t293,(((t653,t5326),t4882),((t665,(t2100,(t3170,t5298))),(t1224,t2247)))),((t291,t5090),(t3041,t5261)))),((((((t364,(t4131,t5819)),(((t2503,t4172),t4117),(((t2604,t5972),t4409),t3492))),((((t1023,t5816),t5520),t4996),(t1113,t2261))),((((t675,((t2637,t4968),(((t2521,t5442),t4841),t4361))),(t968,((((t1411,(t4732,t5971)),t4089),((t2474,t5269),(t2655,t4383))),(((((t1636,t6218),t6178),(t3108,t5811)),(t2892,((t3895,t5106),t5104))),((t1802,((t3233,t5584),t3628)),t2469))))),(((t1618,t5709),(((t2322,t5867),t3600),(t2680,(t3344,((t3611,(t4844,t5626)),t4209))))),(t2172,t4060))),t603)),(t355,((t1691,t5344),t1834))),((((t276,t6114),t4007),(((t750,(((t1666,t5122),(t3065,t5102)),t3040)),(t1176,t5663)),(t978,t6158))),(((t3526,((t3752,t5009),(t4098,(t4472,t5748)))),(t404,t5279)),(t2086,t5033))))),(((t43,((t1348,(t4812,t5296)),t4615)),(((((t914,t5145),t3377),((t1552,(t2523,t3934)),t2008)),(t2295,(t2547,((t3676,t5743),t4664)))),((t737,(t3798,(t4194,t5241))),t3078))),((t282,(t2001,(t4638,t5108))),((t361,(((t3282,(t5078,t5411)),t4768),t3945)),(((t1318,t6020),((t2489,((((t3323,((t4810,t5956),(t5804,t6062))),t4516),t3574),(t3331,t5294))),t3182)),((t1417,t4586),(t4763,(t4858,t5267)))))))))),((((((((((t656,((t4380,t5666),t4828)),t3439),(t3283,t3570)),(t3918,t2217)),t246),((t587,(t3780,t4667)),t2057)),(((((t305,t5505),(t3734,t4998)),((t3214,t4094),(t3537,t4726))),(t669,(t3642,t4560))),(((t1746,((t2288,t5508),t2954)),(t1118,(t1562,((t3604,t5226),t4834)))),(((t512,t3519),t1908),((t506,t3115),((t2039,t4808),t4556)))))),(((((((t730,((t1194,(t3373,t5013)),t2350)),((t832,t3855),((t1938,t4113),t2728))),(((((t1247,(t1931,t4971)),(t3783,t6022)),t148),(t1161,t5754)),((t1055,(((t2058,t5722),t4545),t3589)),((((((t1422,t4082),(t2757,t4081)),(t1978,t2392)),((t1792,t5988),t2236)),(t1745,t4118)),((t2682,(t3268,t3671)),(t2240,(t2921,(t5193,t5797)))))))),((((t886,t2009),((t1788,t3964),(t2251,t4833))),t1289),t1061)),(((t473,((t2186,((t1822,t5944),((t4202,t5649),t4849))),(t2638,t3556))),(t1080,t3464)),((((t1083,t4741),t2287),(t2142,t3582)),t3019))),(((((t1903,t5512),t3593),t3479),t532),t2505)),(((((((t115,(t4070,(t4576,t5352))),(t2911,((t3032,t6085),t5446))),((t1784,t3038),t3536)),((t1916,t4062),t2679)),((((t219,t2786),t2702),(((t2192,(t3979,(t4220,t4633))),t2696),t2475)),((t2319,(t3367,(t3388,t5822))),(t3099,t3673)))),(((((((((t1524,((t4087,t5151),(t4234,(t4428,t5419)))),(((t2473,t4179),t3865),(t2746,t5625))),((((t1673,t3627),t3012),(t2443,t4904)),(((((t1785,(t6051,t6132)),(t5729,t6226)),t5472),((((t2789,(t4466,t4961)),t3911),t3741),(t2939,t3515))),t2156))),((t1105,(t4048,t4066)),t674)),(((((((t558,t6036),t5381),(t2384,t3635)),(t2150,t5176)),(t1499,t4738)),((t827,t5721),(t3161,t3564))),t585)),t343),(t1539,((t2228,t5204),(t4431,t6057)))),((((t232,(t4746,t6239)),(((t896,t5707),t4190),(t3423,t3456))),t637),(((t479,(t5039,t5903)),t3445),(t3398,t4593)))),(t130,(t5431,(t5837,t6228))))),((t482,(t3656,t5386)),(t2579,(t4280,t4648)))))),((((((((((((t199,(t5420,t6122)),((t1755,t6196),t2398)),(t2075,t4084)),(((t850,t5050),t2233),(t852,t3368))),((((t822,t4960),t3221),((t3235,t3393),t3453)),t1326)),t1200),(((((t1124,t4679),t3092),((t1191,(t3782,t5025)),(((t1325,t5450),t4223),((t2221,(t4683,t5026)),(((t3062,t5840),t3948),t3605))))),(((((((t1091,t5870),t5683),t5321),((t3823,(t4360,t5859)),(t4339,t4634))),(t2778,(t3849,t4000))),(t1714,((t1905,((t3744,t6145),(t3899,((t5077,t5901),t5739)))),t2765))),t1540)),(t1072,(t2516,t3174)))),(t288,((((t1667,(t5413,t5500)),(t4111,t5428)),t3134),t3297))),(((t103,(t1812,((t2014,t4890),t2858))),(((t1520,(t4497,t6143)),(((t3518,t5998),t4857),(t3686,t4100))),t2487)),((t1367,t4406),((t2980,((t4578,t5987),t5562)),t4278)))),(((((((t415,t6063),t4580),((t1376,t1550),t1351)),(((((((t660,(t4183,(t4311,t4546))),(((t4158,t5046),(t4522,t5747)),t4285)),t3809),t2097),t1456),(t1285,((t2616,t4717),t1609))),(t636,t1186))),(((((t3693,t4032),(t1463,t5330)),((((t2659,t5376),t3994),(t3938,(t4270,t6081))),t4720)),(t3951,(t5609,t6160))),(t797,(t3262,(t5123,t5939))))),(((t181,(t4642,t5725)),(t1627,t3862)),(t1571,t2553))),(t329,t4537))),(t244,((t20,(t4303,t5955)),(t3144,t6019)))),((((t1096,(t3724,t5479)),((t2453,t6008),t5388)),(t258,t3818)),((t848,t5581),t3402)))),((((((((((t1416,t5310),t5180),((((t3725,t4659),t3974),t210),(t2842,t4107))),(t620,t4526)),((((((t1246,t4839),(t4573,t4694)),t4231),(t2648,t5319)),((t2622,t4789),((t3043,(t3788,t4449)),t3766))),((t1380,(t4776,t6221)),(t2370,t2556)))),(((((t453,t4259),t3884),t2205),((t2895,(t4822,t6249)),(t1833,t6037))),(((t1663,t5768),(t5153,t5320)),t2254))),(((((t503,(((t1558,t5218),t4602),(t2725,t6247))),(t1781,((t2115,t5909),t3841))),t567),((((t1569,t4568),t2376),t2795),(((((t639,t3985),(((t2438,t3198),((t4197,t5621),t4794)),t2531)),((t2885,t3765),t1632)),((((t1469,(t2913,(t4191,t6152))),((t2843,(t4798,t5393)),t3258)),t2817),t2662)),(((((t1284,(t5338,t6039)),t4091),(t3391,t5905)),t2555),t1135)))),((t733,(t2368,t6102)),((t1403,t3046),(((t2281,t5724),((t4917,t5893),t5604)),(t3505,t5582)))))),(((((t770,t1935),((t1046,t4947),((t1101,((t1829,t4608),(t2180,t2819))),(t1626,t2466)))),((((t69,((t5717,t6005),t5862)),t4457),t2491),(((t2404,t5017),t4459),(t4165,(t2997,t5237))))),((((t348,(t4054,(t4152,t5982))),(t1324,(t4258,t4275))),(t561,t3132)),(t391,((t662,t5290),(t685,t5154))))),(((((t347,((t3130,t4681),t3425)),((t2495,t5115),t3328)),((t2277,(t4803,t4867)),t3372)),(t965,t4225)),(((t353,(t4384,t5110)),((((t931,t5783),t3142),((t1323,(t4099,(t4647,t4652))),t2520)),(t1036,t2848))),((t893,t4379),((t1710,t6092),(t5514,t5522))))))),(((((((t251,t4686),(((t2031,t5116),(t3504,t4895)),t2317)),(((t3082,(t3441,t5395)),t3316),(t1579,t5232))),(((t841,t2644),(t2034,(t3718,t4355))),(((t1818,(t3438,t5732)),(((t1330,t5689),((t4290,t5392),(t4845,t6255))),t3947)),(t1344,(t3201,t4518))))),(t1258,(t2619,t4321))),((((t2025,(t2083,t2863)),(t1281,t5362)),((t1182,t5710),(t2158,(t3772,t5036)))),((t1954,(t2303,t5364)),t2541))),t65)),(((((((((t2270,t5032),t3880),((t2388,t6055),t4946)),(t3770,t6208)),((((t1825,t3246),(t3042,t5928)),(((t843,t5841),t4873),t1966)),(t938,((t1373,t6053),((t1837,t5377),t2839))))),((((((t692,t4990),t4021),(t3225,((t3484,t5170),(t4140,t4184)))),(((t2898,t5568),t5168),(t2850,t2235))),((((t1500,t4840),(((t3382,t4976),(t4598,t5616)),t4594)),t2012),(((t1929,t3697),t2800),((t2036,t4504),((t2966,t4729),t4438))))),t349)),(t2694,t3991)),((((t1355,t5661),t4008),(t3824,t3830)),((t1589,(t3122,(t4388,t5810))),((((((t1742,t5872),t5335),t5478),(((t4022,t5973),t4852),t4189)),(t2677,(t3677,t5873))),(t2498,t3699))))),((t298,t4589),(t2508,t3962)))))),((((t136,(t1983,t2554)),(t1816,t5451)),((((t1192,((t1536,(t3460,t5842)),t3346)),t99),((t1022,(t2866,(t3093,t4272))),t1679)),((t923,((t4061,t5380),(t4108,t5055))),(((t1011,(t4256,t6233)),t3375),((t2055,t3625),t2184))))),(((((t47,t2282),((t376,(t1704,(((t3362,t5415),t5134),t3888))),((((t901,t3903),t3219),(t1635,(t4701,t5536))),(((t2068,(t4332,t4942)),((t3146,(t4829,t5612)),(t4771,(t5829,t6176)))),(t2306,t4203))))),((((t172,t4151),((((t1948,t4447),(((t2342,t5023),t4712),(t2642,(t5881,t6073)))),t2200),(t2155,t5101))),(((t1939,t3238),(t2436,t4918)),((t1164,((t1468,t3141),(((t2344,t6166),t5931),t4455))),((t1231,t4030),((t1868,t5652),t3192))))),(((((t1003,(t1427,t6162)),t1295),((t3891,t1150),((((t1932,t4520),t3723),(t3337,(t3595,t5943))),(t2801,t3842)))),(((t178,(t3675,t5434)),t2529),t1613)),(((((t3878,(t4772,t6260)),t1448),(t1664,((t1796,t6049),t3267))),((t1220,((t2272,t5054),(t4604,t4986))),((t3737,((t4424,t5658),(t4715,t5498))),t1889))),(t283,(t410,((t1619,t3920),t3319))))))),(((((((t164,t5455),(t4083,(t4612,t5860))),t1493),((t952,t4669),(t2688,t4460))),((t563,(t2341,(((t3475,t5947),t5281),t3606))),t2246)),((((t33,((t4515,t5275),t5242)),t887),(t755,t5202)),(t1426,(t2714,t5908)))),(((t149,t2776),(t2699,t4899)),(t867,t3355)))),(((t125,(((((t652,t5767),t1428),((t937,t4135),t3404)),(t272,(((t1088,(t5317,(t5549,t5565))),(((t3602,t5857),(t1057,(t4410,t5190))),(t4162,(t3119,t6001)))),(t1930,((t1076,(t4467,t5273)),t3580))))),(((t2766,(t990,t5541)),((((t495,t3410),t2836),t3986),(t2433,t5634))),(t551,t2305)))),(((t127,(t1433,t6089)),((t2291,(t384,t4807)),(((t784,t5119),t4404),t2779))),(((((t625,t3552),(t3499,t4266)),(((t2824,t5654),t5247),(t3102,t5772))),(((((t1424,(t2626,(t3498,t5400))),((t2457,t4475),(t4077,(t5394,t5970)))),t2059),t2040),(t1079,(t5208,t6187)))),((((t1308,t5347),((t2403,(t2825,(t5044,t5552))),(t2650,((t2794,t4875),t3145)))),t3206),t1196)))),(t1097,t4049))))),((((((t150,t5471),((((t271,t3816),t3420),(((((t1049,t3332),((((t4389,t4702),t5289),t5558),(((t2809,t4911),t3944),t3872))),(t1549,t4461)),(t1793,t2102)),(((t3026,(t4043,t6120)),t3325),t2274))),((t873,(((t1388,t6088),t3334),t3083)),((((t1861,t3136),t2297),(t1375,(t5083,t5844))),(t1775,(t2360,((t3514,t5127),t4237))))))),((((((t274,t3527),(((t2054,(t3977,t4878)),(t2585,t2893)),(t3149,t4249))),(((t1363,t5835),t1960),((t2472,(t4884,(t4940,t5203))),t1853))),(((((((t1413,t6113),t4969),t4945),t3710),(t2772,t3743)),((t1956,((t3719,t5665),t4350)),(t2259,(t3381,t5468)))),((t889,(t3688,((t3963,t5789),t4129))),((t1151,((t2661,t5624),(t4298,t5613))),(t1386,t3444))))),((t796,t1483),(((t1206,t6164),t3079),t2413))),(((((((t290,t5918),t4340),(t3163,(t3767,(t4133,t4281)))),((t2132,t6215),(t5007,t6224))),(((t1772,t4813),t3154),t2951)),(t1099,(t1243,t4949))),((t898,t4644),((t3049,t5653),t4253))))),((((((t1819,(t59,t4368)),t1608),(((t1238,((t999,t3822),t4975)),(t1054,t4028)),(((t1374,t5021),(((t2220,(((t3178,t4675),t4146),t4052)),(t2793,(t4728,t4978))),((t2752,t4687),(((t3894,t4850),t4375),t4178)))),((t1257,t3571),t1857)))),((t1912,(t2639,(t3721,(t5615,t5720)))),t1006)),((t278,((((t2345,(t3179,t5758)),((t1798,t3789),(t4105,t2764))),((t1732,(t3572,(t5081,t5178))),t2294)),((t1216,t5791),(t3779,(t4725,t5750))))),(((t1705,t5703),t2108),(((t1423,t4305),(t3591,t4180)),((t3253,t5575),((t4318,(t5184,((t5792,t6157),t5839))),(t4835,t5984))))))),(((((((t3709,t5329),((t1265,t5080),t4599)),(((t1768,t6038),t4423),(t2292,t6142))),((t56,t5542),(t2377,((t2985,(t5882,t5937)),((((t3254,t4933),(t4076,t4624)),t3806),t3263))))),(((t2643,t4555),t2684),(((t1731,(((t4531,t5929),t5782),t5506)),(t2573,(t3270,t3976))),t1860))),((((((t533,t5912),t3131),(t2395,t3549)),(t1568,t2424)),((((t1335,t6048),(t2567,t2568)),t2410),(((t2335,(t5674,t5949)),t3896),(t3364,t5592)))),(((((t2663,(t4558,t6096)),t2805),(t1799,(t3213,(t4210,t5456)))),((t1170,(t2512,t4322)),(t5223,t5556))),((t1302,t4799),(t1725,t5711))))),((((t264,t4668),(((t2501,t6229),(t2934,t5755)),t2830)),t2135),(((t2908,t5936),t5271),(((t2462,t5272),t4650),t3647)))))),((((((((((((t214,t6031),(t2440,t6077)),(((t1807,(((t3927,t6029),t5091),t4565)),t2877),t1922)),(t1556,(t2548,(t4040,(t4569,(t5136,t5427)))))),(t855,((t2028,t4414),((t2995,(t5855,t5865)),t3487)))),(((t817,(t5128,t5969)),t4229),(t876,(((t1321,(t2470,t4092)),(t2071,t2654)),t1512)))),((((((t590,t4532),(t2463,(t3577,t3128))),(t1782,(t1849,t4289))),((t1702,t5414),t3506)),(((t1395,t2777),(t2551,((t2955,t3563),t3305))),(t1803,((t1918,t3924),(t3387,t5099))))),((((t1869,t5012),((((t4551,(t5601,t5945)),t5306),t4292),(t3371,t4363))),t1261),(((t5390,t5550),t2711),((t1971,t5856),(t2943,t2992)))))),((t215,(t3143,((t4893,t6188),t5618))),t2348)),(((((((t318,t3296),t3204),t2813),(t1730,t6206)),(((t581,(t4703,t6111)),(t3757,t5629)),t381)),t1202),(((((((t4718,t5997),(t1369,t5463)),(t4160,t4263)),((t2938,(t5796,t5916)),(t5079,t6148))),(t351,(t3915,t5082))),((t951,t4853),t4252)),(((((t1541,t5233),t5061),(t528,t4950)),((t839,(((((t2026,t3303),(t3501,t3125)),(t2755,t6214)),(((t2480,t5848),((t3317,(t5656,t5745)),t4995)),(t2874,(t5071,t6258)))),((t3637,(t4606,t5574)),t3352))),(t982,t4115))),((((t1070,t1641),((t1405,(t2264,(t3494,t4524))),(t1923,(t5664,(t5795,t5985))))),((t904,t5610),t2396)),(t1813,t6118)))))),((((t1165,((t2139,(t3844,((t5014,t5546),(t5752,t5875)))),t2589)),(((t1031,t3495),(((t1444,t3118),((t2121,t6000),((t3272,(t4924,t5714)),t3651))),((t1907,t4943),t3879))),t1232)),(t993,(t1210,(((t2378,t5164),t4329),(t3349,t5780))))),((((t1553,t5692),(t3921,t6144)),((t2133,t2484),(t2154,(t2734,t6191)))),(t1485,(t4071,t4775))))),(((((((t629,t6091),(t2738,((t3594,t5986),t4279))),((t3241,t5051),t1498)),((t694,t4050),((t2275,(t4691,(t5623,((t5764,t6175),t5793)))),(t4464,t5221)))),((t156,t4523),((t510,((t1989,t6181),((t3074,t6003),t4866))),(((((t903,(t1634,((t2301,(t4293,(t5066,t5470))),t3639))),t1478),((t556,(t3981,t4713)),((((t2099,t4422),t4354),t2969),(((t1888,t4927),t4265),t3808)))),(((t3873,t4038),t829),(t2614,t5093))),(((((t1526,t3341),t3736),(((t2497,t5493),((t3450,t5304),t5295)),(t2715,(t3791,t5342)))),((t2358,t4095),t3839)),((t2209,t2900),t2624)))))),((((((((t1447,(t4315,t4416)),((((t1563,(t4552,t6259)),(t4181,(t4735,t6035))),t2832),((t3678,t4830),(t1693,t5948)))),((t2796,t5655),t5311)),t1420),t1012),(t795,t5084)),((((t1683,t5120),(t5114,t5283)),t4802),((t3883,t5821),t4930))),((t545,t2507),((t565,t3035),t1764)))),((((t68,((t3240,t4639),t3960)),t1214),((t1614,t3727),(t2780,t3665))),((t240,(t4640,t6156)),((((t954,t3565),((t2526,t5201),t3072)),t1689),((t1043,(t4538,t5172)),(t1519,(t3803,t5492)))))))),(((((((((((t518,t3840),(t3007,(t3286,t3864))),(((t2816,(t5454,t5900)),t5088),t2078)),t234),(((t470,t6042),(t3670,t4222)),(t3394,t3738))),(((t3359,t336),t1631),t1528)),((((((((t368,((t1382,t5183),(t4473,t4859))),(((((t1304,t4788),t3937),((t4057,t3058),t3657)),(t2879,t3755)),((((t2174,t5224),t4753),((t3061,t4819),((t3909,t5189),t4636))),t2965))),((t1272,((t5107,(t5925,t5977)),t5695)),((t2131,t5383),t4505))),((t622,t4264),t3856)),(((t301,(((((t2374,t5646),t4910),(t4287,t5169)),((t2428,t5763),((t3380,t6159),t5726))),t1438)),(t1178,t2820)),(((t555,t5834),(t4817,t5950)),(((((t1274,t5191),t4104),(t3369,t3732)),((t2872,t6065),t5966)),(t1988,t4507))))),((t2538,(t3106,(t3478,t4198))),(((t1136,t4137),(t3123,t3540)),t3399))),((t184,t4106),t3825)),((((t1073,((t3468,t5435),t4208)),((t2597,t5031),t4997)),((t1400,t4301),t2533)),(t1201,(t3831,t3414))))),(((t134,(t5843,t6170)),(t1494,t1671)),((((t884,t3530),((t1965,t6248),t2697)),((t1511,t3288),(t1974,t2543))),((t930,t2045),(t1759,t3513))))),(((((t289,(((((t1955,t5340),((t4562,t4935),t4805)),((t2623,((t3646,t4155),((t3802,(t5672,t5698)),(t5466,t5511)))),t3271)),(t2060,t2206)),((t2600,t4338),t4085))),((t1592,(t3792,t5171)),(((t2615,t6182),t5566),t3031))),((t562,t1790),(((t520,t2926),((t1652,t3968),t2909)),(((t1900,(t1525,((((t3702,t6150),t5999),t5588),(t4727,(t4952,t5277))))),(((t1074,t5831),t5757),(t4397,t5243))),((t1737,t3821),(t2324,t4662)))))),(((t902,t4707),((t2037,t4304),t2534)),((t151,t4501),((t1854,t6087),(t2107,(t2918,(t5799,t6043))))))),((t268,(((t635,(t3679,t3763)),(((t1394,t2043),t1450),(((t1824,t5016),t4750),t2000))),(((t1018,(t2869,(t4072,t6103))),t1701),t1648))),(((((t564,t4563),(t4435,t5323)),t3875),t3726),((t1300,t2476),((t1985,t5163),(t3685,t4744))))))),(((((t1430,t5152),t4294),((t4112,(t5327,t5761)),t4490)),t108),(((t1820,(t508,t5257)),((t1921,t6232),(t4068,t5883))),((t933,(t2999,(t4540,(t5207,t5234)))),((t1119,((t3424,t6071),t4448)),(t3021,t5195)))))),(((((t1353,t3828),((((t2936,t5636),t4200),((t3140,(t4247,(t4579,t5059))),(t3573,t4019))),t1780)),(((((t1406,t5341),(((t1698,t5597),(t2366,t4804)),t1726)),((((t1598,t6012),t5602),((t2323,t5356),t4330)),((t1925,(t4670,t5045)),(t3053,(t3335,((t4521,t5198),t4754)))))),((((t973,t3980),t3047),(t2897,t1179)),t3208)),((((t413,t2328),((t3265,t5693),t4682)),((((t3700,t5907),t1067),(((((t2407,t6169),((t3957,t5011),((t4042,(t4868,t5252)),((t4154,t5967),t5157)))),(t2907,t4141)),(t2590,(t5494,t5496))),t2447)),t1412)),((t389,t3904),t2920)))),((((((((t140,t6246),t5868),(t2327,(t5807,t5877))),((t1145,(t1312,t2937)),(t663,t3343))),((t284,(t2749,t2409)),((((t1757,t5058),(t4046,t5231)),(t3348,t5910)),(t2948,t4477)))),(((((t1508,t5668),((t2024,t2421),t2293)),t1582),(t176,t4843)),((((t382,(t4396,t5182)),((t4297,t6017),((t3614,(t5728,t5981)),t4692))),(((t526,(((((t2419,t5994),t5266),t4479),t3039),t2465)),((((t1682,t3276),((t2313,t4035),((t2673,t5022),t3659))),((t1947,(t5756,t6227)),t3668)),((t2563,t5953),(t2574,t5443)))),(((t3447,(t5345,t6101)),((t2628,t4770),((t2675,t5580),((t4436,t6095),t4588)))),t1414))),((t362,t4018),(t1574,((t2930,t6253),t4121)))))),((((((t3869,(t4012,t5235)),t3412),t2883),(t2244,(t2514,(t3524,t5426)))),((t2212,t5391),(t3437,t4024))),(t1098,((t1559,t5285),((t2515,t4673),t3819))))),((((((t3503,t4458),(t4103,t5131)),t4127),(t1024,(t1856,(t2130,t4792)))),((t939,(t3715,t4353)),t1156)),((t705,((t1967,t6041),(t3415,(t3467,t5324)))),(((t1644,t4761),(t3775,t5424)),t3345))))),((((t79,t6241),((t1434,t4367),((((t3801,t4625),(t3126,(t5405,t6099))),(t3307,t5473)),((t2190,(t4186,t5864)),((t4224,t4585),t4245))))),t1140),(((((t1141,t6200),t4816),(((t1114,t5369),(t4386,t5412)),t3010)),(t731,t4590)),((t266,t5564),(t1789,(t3890,(t4341,(t5358,t5784))))))))))),(((((((((((((t4452,(t1999,t5259)),(t2179,(t4696,t5458))),t1843),((((((t960,t4902),((t1637,t4542),((((t3023,t4957),t4144),t3729),(t3290,t5410)))),(t233,(t1544,((t2891,t5631),t4916)))),(((t690,t5249),t3989),t1115)),(((t475,(t3361,t3470)),t2116),(t2089,((t2452,t5387),t4510)))),(((((((((t984,t6064),t5199),t5062),(t4271,t5554)),(t3705,t5440)),t3087),t1522),((((t1241,t4218),t3922),(t1645,t5085)),((t1624,t4982),t3009))),(t961,(t499,t6244))))),((t173,((t1603,(t4811,t5070)),((t3544,t5567),(t5359,t5995)))),(((t747,t4974),t3256),(t1138,t3250)))),((((((t1665,t6106),(t3613,t4714)),(t1723,t6225)),(t2351,(t3975,t4880))),(((t791,t5555),t3463),((t1692,(t1840,t2942)),((t3086,t4939),t3407)))),((((t471,t5504),((t3525,((t3616,t4926),t4661)),t3160)),t1777),(((((t608,(t5553,t5753)),t5314),((t5350,t5746),t4377)),((t1700,t4166),((t2427,(t3618,((t4407,t5730),t4820))),(t3113,t5006)))),((t2061,t6093),t3212))))),((((t22,((t2806,t6240),t6044)),((t1408,t4080),(t1870,(t5897,t6256)))),((((t162,t2606),(t2175,t4302)),(t1137,t3037)),(((((((t433,t4055),t3275),t2595),t2112),(t1741,((t2003,t6066),(t3805,(t5027,(t5256,t5676)))))),(t1290,t6119)),t350))),(t2406,t5824))),(((((((((((((t589,(t5923,t6173)),t3592),(t3421,t5318)),(t1446,(t1576,(t2886,t3576)))),(((t1393,(t3509,(t4001,(t5465,t5686)))),t4879),(t1909,((t2088,(t2599,((t2894,(t4192,t4485)),t3097))),((t2557,(t2744,((t4503,t5138),t4825))),t3713))))),((t1020,(t2331,t5407)),((t2678,t5959),t1461))),(((((t621,t4069),t3885),t2774),((t2582,(t3152,t5416)),((t2587,t5368),t4610))),t1357)),((((((((t2027,t4411),t3750),t3357),((t3832,t4403),t3187)),((t2215,t6219),t4734)),(t44,(t2651,(t3787,(t3900,t6084))))),t1248),(((t2207,t3810),t3264),(t2104,(((((t2960,(t4749,(t5975,t6165))),(t4358,t4991)),((t4336,t5896),t5759)),t4148),(t2375,t5961)))))),(((((t1486,t3546),((t1875,t2944),(t2117,((t2361,t3965),((t2723,(t5348,t5706)),(t2989,(t4346,t5934))))))),(t595,((t1597,(t3674,t6115)),t1982))),((t928,t5018),t4469)),((((((((((t1254,t5206),(t3001,t3006)),((t2461,t4484),t4164)),t2195),(t2141,t5637)),(((t1708,((t4603,(t5696,t5802)),t4618)),(t2412,t4906)),t1898)),t2091),t3480),(t630,(t2197,t4529))),((((t763,t3851),t3608),t3055),(t1315,((t2260,(t5328,t5477)),t4150)))))),((t480,(t1503,(t3961,t4862))),((((t1356,t4797),t4591),(((t789,t5205),t4168),t2962)),((t1166,t5502),(t2047,t2435))))),((((t177,t3759),(t1239,t2981)),((t781,((((t2629,t5020),t4783),t4385),((t3511,(t5639,t5874)),t5544))),t2304)),((t570,(t2815,(((t2993,t6154),t4582),t4273))),(((t614,t4795),((t2165,t5254),(((((t2532,t5543),((t4557,(t5662,t6238)),(t4722,(t4740,t6100)))),t4468),t3919),(t3158,(t4429,t5617))))),((t969,t4777),t989))))),((t767,(t1828,t2393)),(((t566,t4566),((t1462,t5951),t2733)),t1297))),((((t878,(t3315,(t5209,t5307))),(((t940,t4870),t2783),(t2352,t6052))),((((t1546,((t509,t6146),t3910)),((((t2325,((t3330,t6010),t5228)),(t584,t5186)),(((((((((t1229,t3902),t3687),(t3224,t6151)),t3050),((t3036,t6198),t5591)),(t3521,t3547)),(((t1314,t5239),t3459),(((t1880,((t3850,t5832),(t5200,t5495))),(t3560,t4489)),(t3403,t5776)))),(t698,((t3210,t5716),t4051))),t700)),(t535,t5697))),(((t377,((t1677,(t4486,t6021)),(t2931,t3231))),((t485,(t2865,t5825)),((t1048,((t4097,t5941),t4705)),t1942))),(((t1466,(t3127,(t4058,t4136))),(t1998,t2896)),(t754,(t2284,t4327))))),(((((t440,t3586),((t2007,((t3175,(t4592,t5196)),t4387)),((t2769,t4963),t4101))),(t2137,(t3722,t4420))),((((((t1007,t4646),t4034),((t3562,(t3955,(t4928,t5476))),(t3629,t4418))),t2716),((t2210,t4214),((t2269,t5519),(t4806,t5073)))),(t2884,t4221))),((t1994,t5215),t4827)))),(((t723,t3997),(((t2970,t3826),t3076),((t2481,t4953),t2745))),((t138,t6257),(t2602,t5917)))))),((((((t1212,t5535),t2394),(((t1280,t4809),t4074),(t1527,(t1771,(t4821,t5669))))),(t238,t2229)),((t1826,(t4511,((t3889,t5590),t4767))),((t2122,t4454),(((t3784,(t6109,t6123)),t6054),t5715)))),((((t616,t5838),((t2594,t4742),((t4328,t5577),(t5159,t5906)))),((t823,(t2077,t3742)),(t1736,t4257))),((t1208,t3512),(t3436,t5773))))),(((((t31,t5833),((t2504,t5979),(t3794,(t4255,t4427)))),t2074),(t1316,(t3183,(t4478,t5741)))),((t448,t6060),(t874,((t828,t5507),t5147))))),((((((((((t261,(t5005,t5777)),(t1996,t4262)),(((((t1774,(t5292,(t5933,t6131))),(((((t2073,t5339),t3793),t3617),(t3418,t5418)),(t2145,t5194))),((t1459,t6262),(t3516,t5524))),((t3694,(t2731,t5727)),((t3066,t5403),t3569))),(t1087,t4029))),(((((((t716,t5779),t4872),((t3551,t6163),(t4931,t5117))),t3313),(t3520,t4739)),t2657),(((t3932,t6185),t947),(((t2101,(t4026,(t4883,t5866))),t2191),t2724)))),((((((t3996,(t5459,t5627)),t294),((t3376,t5942),t3870)),t2250),(((t2159,(t4261,(t4570,t4832))),t3354),(t2571,(t3716,t4207)))),(t1451,(t4444,t4649)))),((((((((t1474,t2312),t497),t2671),((t511,((t2632,(t4268,t4517)),(t3110,t3244))),((((((t1095,(t2607,t2649)),(t2459,t5527)),(t1384,t6195)),(((t1185,t6179),t4402),((t1240,t5113),t4972))),t953),((t2382,t4851),t712)))),(((t478,t5978),t2570),((t871,(t1529,t5365)),((t604,((t3892,t5847),t5808)),t3612)))),((((((t638,t5429),t4577),(t4371,t5148)),t3653),(t1213,t6133)),(t3186,t4228))),((((t325,((t2847,t5112),t4027)),((t1217,t4498),t2683)),((t422,t4539),(t3474,t3566))),((((t409,t5632),(t5276,t5913)),t2750),t2343))),(((t634,((((t1133,t6210),t4731),(t3284,((t3747,(t5246,t5736)),t5063))),(t2234,((t3796,t6171),t5076)))),(((t806,(t3314,t5487)),((t3096,t6217),t4653)),(t2707,t4597))),(((t670,(t3203,t5827)),(((t2113,t4690),((t2998,t5700),(t4665,t5850))),(t2982,t4480))),((t4246,t6018),t5737))))),((t237,t3279),((((t1123,t5964),t5620),(t1452,((t2608,t5308),(t4856,t6155)))),(((t1215,((t3848,t5996),(t3857,((t4903,t6230),t5525)))),t2183),((t1717,t6204),(t3777,t4525)))))),((t860,t3882),t3193)),((t209,(t4171,(t5095,t5861))),((t157,(t2502,t3052)),((t1327,t5158),(t3339,(t4708,t5914)))))),(((t49,(t2401,t6211)),((t911,t3485),((t1126,(t3901,t5118)),((((t3489,(t4195,t3630)),(t4492,t5645)),(t2530,t5375)),(t1728,(t3103,t3658)))))),((((t444,(t3583,t6009)),((((t1364,(t4826,t6207)),((((t2194,(t5596,t5960)),(t4956,t5809)),t2929),(t2456,(((t2519,t5484),t5382),t4786)))),((((t2018,t6137),(t5150,t5449)),t3797),(((t2974,t5408),t5280),t4295))),(t1899,t5687))),((((t975,t2676),(t2266,t3758)),t2202),(((t3105,t5072),t4308),(((t2389,t4312),(((t2598,t5056),t4923),t4757)),(t2314,t3644))))),((((((t1778,(t4623,t5879)),t4600),(t3448,t3493)),t549),((t1390,t5749),((t2902,(t2831,t4864)),(t2333,t6134)))),t3469))))),((((((((((((((t2213,t4494),t3704),((t3003,t4476),t3941)),(((t2586,t5165),(t3661,(t3905,t4736))),t3260)),t1291),(t235,t6237)),t998),((((t752,t4314),t2216),((t1418,(t2968,(t4617,t6193))),t2493)),(((t615,(t3370,t4932)),t2763),t2225))),((((t2482,(t2927,(t3995,t4365))),(((t2517,t5744),t4451),t4053)),t718),((((((t1127,t5515),t4574),(t4408,t6250)),(t4039,t5647)),(t1615,t6030)),((t1972,t2415),(t2826,(t5497,t5571)))))),(((((t1659,(t2580,((t2852,t4908),t3983))),((((t2044,t6127),t5043),((t3252,t6236),t5432)),(t2620,t4759))),(((t1674,(((t2915,(t4331,t5482)),t3195),(((t2919,(t4352,(t4628,t6153))),(t3471,t5060)),(t3081,t5854)))),((t2718,t5605),((t3340,t5210),t3389))),t2069)),((t1354,t2337),t333)),(t738,((t1763,((t4149,t6117),(t4544,t5491))),t2434)))),(((t167,t6002),t544),(((t212,(t1953,t3024)),((((t809,t3223),(t2979,t3650)),t2956),t4248)),((t729,t5801),((t2049,t3133),(t2420,(t2882,t5622))))))),((t398,(t5003,t5788)),((((t794,t5126),t2845),t2591),(t2581,(t2721,t3220))))),(((((t1389,(t1949,((t3067,t6034),t3306))),t3308),t1662),t411),((((t1276,t5922),((((t1454,t6074),t5599),(t4370,t4778)),t1839)),((t3071,t3215),(((t4881,t5042),t5594),(((t2704,t5787),t5053),(t3011,(t4536,(t4572,t5038))))))),((((t2743,(t3100,t3966)),t1064),(((((t2853,t5167),t3949),t895),(t3881,t6254)),t1082)),(((t1848,(t2566,(t2987,t4260))),(t4955,t5155)),t2136))))),(((((((t644,t5406),(t1537,(t4992,t5932))),((t1050,(t2477,(t4635,t5457))),((((t1237,t5667),t4877),t3324),(t2204,t5378)))),((((t447,t4351),(t2253,(t2430,t6059))),(t2152,t3907)),(t1436,(t6082,t6222)))),(t438,((((t531,((t2095,t3500),(t2550,t3655))),(t826,(((t1443,t4319),t3764),((t2840,(t4187,t4688)),((t3814,t6194),t4622))))),(t1871,(t681,t2798))),(t645,t3481)))),((((t4716,t3466),(((t2214,t5885),(t4147,(t5723,(t5915,t6090)))),(t2267,(t2630,t3356)))),(((((t2082,(t2085,(t3392,t4372))),(t724,t5657)),((t1995,t3555),t3333)),((t1497,t6061),(((t2084,(t3488,t6216)),(((t2537,(t4745,t6004)),t4175),((((t2712,t6220),t4173),(t3929,t5437)),(t3906,(t4432,t5818))))),((((t2126,t5733),t4876),t3858),((t2278,(t3931,t5533)),t2552))))),(t1342,t3714))),((t1209,(t3728,t4496)),((t89,(t3239,(t4176,t4774))),((t2199,((t3799,t4837),(t4132,t5957))),((t3111,t4689),t3472)))))),((((((t853,t4274),t3663),t3184),((t1516,t5265),(t3379,t4500))),(t304,t2222)),((((((((t957,(t4240,t4967)),(((t1990,t5771),(t3017,t5268)),(t2509,t4959))),t899),(t907,t4871)),(((t1475,((t2827,t5354),(t3227,((t4020,t6209),t4239)))),(t1703,t3786)),(((t1030,t4426),((t4216,t6067),t5823)),t3202))),((t777,t2349),(t1385,((t4374,t6070),t5384)))),(((t617,t4706),(t2153,t3157)),t1288)),(((t339,t5904),((((((t2271,t5501),(t5004,t6251)),t3820),t3754),((t2991,t5540),t3936)),t2665)),((t2380,(t2296,(t3409,t3943))),(t943,t5814)))))))),((((((((t30,t5349),(t3632,t5954)),((((((t857,t2914),t1410),(t1034,(t3073,(t3908,t5300)))),(t1572,((t3930,t5143),t4413))),((t1340,t5642),((t1341,((t1656,t3309),((t2635,t6056),t4015))),(((((t2925,t3667),t1629),t2922),t2868),t3095)))),(t1684,t5309))),(((t593,t5641),(t4235,t5286)),(((t1580,t4443),(t3623,t4730)),((t2458,t3827),(t2963,t5174))))),((((t205,t4656),(t1773,t3020)),((((t1197,t5462),((((t2356,t3926),t3291),t3098),((((t1810,t5240),t4373),t4199),(t3378,t4919)))),(((t1643,t5718),t3654),t2161)),t683)),((t917,(t1594,t5389)),(t1646,t3395)))),(((((t174,t2371),t1596),((((t4219,t5092),t4983),t586),(t2258,t2621))),((((t310,(t3939,(t4212,t4929))),t2252),(t807,t4453)),((((t420,(((t4215,t5041),(t4941,t5278)),t4889)),(t2641,t4780)),t2010),(t517,(((t1565,t4631),(t3508,t4680)),(t2022,(t2660,t3084))))))),((t95,t2799),(t2645,t4284)))),(((((t1143,((t4611,(t6072,t6078)),t4838)),((t3990,t5608),t4296)),(t2506,t5125)),t704),(((((t314,t5355),(t5034,t5677)),(((t1256,(t2964,t5097)),((t1441,t5892),(t1754,(t1881,t5244)))),((t1419,(t4719,t5559)),((t1835,t3868),(t2782,t5534))))),((((t1109,t5373),t4393),t2625),((((t1130,t3913),(t3861,t5742)),t2790),(t1195,(t3477,t3970))))),(t739,((((((t1749,t4348),t3405),t2971),((t2668,t4793),(t3217,t5712))),(t2540,t4985)),((t2386,(t3243,t2544)),t2379)))))),((((((t964,t1620),((t1409,t5229),((t3374,t5197),t3733))),(t2565,t4145)),(((((t145,t6058),(t2627,t3745)),(t1769,t2467)),((((t921,t5557),t2706),((((t2613,t4241),t2211),((t2048,t5333),((t5008,t6161),t5211))),((t1743,(t5852,t6139)),t1838))),t1065)),(((t1391,((t1872,t5287),t2700)),((t1797,t2242),(t2203,(t3008,t5367)))),t3811))),(((t37,t2899),(t880,t2916)),(((((t1467,t6094),t4366),t4232),(t2092,((t2181,t3984),((t2856,(t3790,t6168)),t3535)))),t4854))),((((((t327,t4743),t3648),(t2705,t3209)),t2123),t2063),t436)))))),(((((((((((((((t239,t5774),t1533),(((t962,t5485),((t5028,t5770),t5679)),(((t3147,t4392),t4250),t3649))),((t442,t6083),(t3427,(t3973,t6126)))),((((((t356,t4760),t3958),t3112),t2693),((t1521,(t3998,((t4125,t4791),(t4419,t4781)))),t3762)),(((t773,t4993),t3312),(((t1649,t5187),t4299),((t1760,t5968),t2710))))),(((((((t2390,t5946),t5633),(t5146,t5598)),(t3300,t5436)),(t1437,(t4343,t5993))),(t1345,(((t1181,t5817),t3835),t3567))),((((((t602,t5911),(t3695,t6243)),(t3322,(t3442,t4989))),((t2170,(t2953,t3669)),((t2387,t4471),t2857))),(t1678,t5965)),((((((t1458,(t5360,t5778)),t3933),(t3449,t5010)),(t3051,(t4641,t5863))),(t2701,t4196)),t2672)))),(((((((t2770,(t2946,((t3579,t5887),t5640))),t1532),t693),((t418,t2903),(((t1366,((t2870,t5853),t5836)),t1886),(t1751,((t3698,(t4550,t5794)),(((t4357,t6026),t4888),t4671)))))),((((t399,(((((t714,t4342),t3771),t3196),(((t1913,((t5222,t5366),t5346)),(t3434,t6110)),((t3277,t6124),t5513))),t1958)),(((((((t446,(((t2611,(t4300,t5144)),(t2631,t5357)),(t2612,(t4016,(t4041,t4709))))),t2066),(t2302,t4900)),((t1779,t4119),((t1976,(t3298,t6097)),(t2542,t5518)))),((t1056,((t2722,t4159),t3005)),(((t2187,(t3707,t5523)),(t4663,t5751)),((t2146,t6235),t4764)))),(t844,(t5089,t6128))),((((t2490,t2761),(t1776,(t4233,t5891))),(t1515,((((t863,t6016),t5635),t4334),t1970))),((t799,t3455),t1670)))),(((((t2988,t4684),t4242),t322),((t2129,t5935),((t2499,t5781),t4619))),((t926,(t1555,(t1654,(t1937,t5930)))),(((t3150,(t3760,t4626)),((t1472,t5731),t4887)),(t2924,t3866))))),((((((t505,t4114),((((((t1103,t5086),t2732),((t2460,t3701),(t3384,t3846))),((t2103,t3482),((t3273,t5579),t3912))),t2080),(((t4645,t5130),t3636),(t3177,t5166)))),(t837,t2373)),((t207,(((((t3952,t5288),t5262),t4316),t5037),t1761)),(t1940,(t659,t2363)))),((t370,t5521),((((t2933,((t3917,t5480),(t4869,t5607))),(t1491,t2737)),((t1404,t4787),t1518)),((t1479,(t3171,t3778)),(((t2339,t5461),t4398),(t2814,t4417)))))),(t359,(t4616,t4970))))),((t5001,t256),t2193)),((((t764,(t956,(t2285,t3289))),(t1690,t5775)),(t1457,t6086)),((t451,t5595),((t1106,t6107),t4937))))),((((t55,((t2583,t3033),(((t1488,t5924),t3914),(((t2729,t5423),(t2821,(t2952,(t3261,t3507)))),t2381)))),(t1075,(t1477,t3056))),(((t542,(t5760,t5958)),((t5573,t5886),t5845)),((t757,(t4238,(t5385,t6242))),(t4236,t4977)))),t519)),((((t190,t4534),((t3852,t4723),t4045)),(t1331,t5628)),((((t366,(t4980,(((t5019,(t5447,t6069)),t5438),t5111))),((t450,((t1449,(t3959,t4126)),t2873)),(((t950,(t2977,(t3847,(t5940,t5962)))),t1296),((t1223,t5858),t2149)))),((t400,(t2241,t4063)),(((t1142,((t2134,t2947),((t2545,t4495),(t3496,t5109)))),((t1298,((t2399,t5149),(t2990,t5734))),t4481)),((t1184,t4528),(t3588,t1476))))),t2674))),(((((t849,t4254),t3969),(t2416,t6147)),((t2144,((t3025,(t3928,t4847)),(t3624,t5214))),t2439)),t1267)),(((((((t1287,(t4227,t5399)),(t2162,t3408)),t1897),(t1379,((t5325,t6261),(t5659,t5660)))),((t320,t4601),(t1489,t5464))),((t295,t5551),((t2689,t3638),(((t3045,t6045),(t5691,t5708)),t4306)))),(((t548,t3598),(t1695,((t3561,t5444),t3834))),(((t970,(((t3978,t6140),t5445),t4891)),(t1396,((t3626,t4134),t3746))),t1338)))),(((((((t766,(t3538,t5250)),(((t1587,t5989),t2803),(t1901,t3982))),(((t1858,t5068),t1121),t5638)),(((t67,t5396),t4632),t1933)),(((t1062,t5094),t1936),(t1862,(t2262,((t2518,t5075),t4981))))),(((((t292,(t3422,t5805)),(t3294,t5673)),t3166),(t1600,t3712)),(((((t313,(t2576,t2652)),(t576,t4666)),((t3431,(t1129,t4206)),(t1542,(t4109,t5685)))),((((((t352,(t4211,t6098)),(t3620,t4655)),((t2910,t6252),t5719)),(t2588,t5871)),((t1653,t6138),t2414)),(((t1158,t6015),t3554),(((t2878,t6116),t3751),((((t3681,t5992),t5980),t4724),(t3854,t4487)))))),(((t397,t3531),(((t3075,t5643),t4836),(t4185,t4988))),((t1100,t1016),(t1204,t3853)))))),((((((((t1453,t4078),(t3027,t3660)),(((t1991,t3603),t3018),t5460)),((((t1611,(t3120,t5248)),(t2735,((t3000,(t3542,t5065)),t3190))),t1944),(t1720,((t2972,t5282),t3559)))),(t3304,t4120)),((((((t2019,t201),((((t983,t2226),(t1381,(t3320,t6027))),(((t840,t5124),(t2864,t5177)),((t2021,(t4801,t5417)),(t4142,t5087)))),(t866,t4685))),(t1122,(t3517,t6186))),(((t1225,((t1595,t3812),((t1729,(t4758,t4865)),(t4693,t5121)))),(t463,t4913)),t524)),((((t267,t5467),(t4914,t5702)),((((t1694,t4654),(t2860,(t3191,t3717))),t3795),((t1211,t3180),(t4122,t6075)))),(((((t1538,t4291),(t2535,t2802)),(t2110,t6006)),(t371,t2072)),((t1599,t3925),(t1963,t4773))))),(t204,t5983))),(((t183,t1873),((((((t2889,t3044),t1242),(t573,(t1584,t1878))),((t1250,t5589),(t1551,((t3138,t5587),t4979)))),((((t891,t3999),((((t1981,t5539),t5057),t3293),(t2569,((t3030,t5217),t3541)))),t1867),t1727)),t1756)),(((((t745,(((t2862,t4999),t3457),((t3091,(t5826,t6130)),t5301))),t1786),t1517),(t1893,t4320)),(t1320,t416)))),(t179,t1962)))),(((((t985,(t3768,t3281)),((t1425,t3121),(t2432,t2445))),(t977,t5448)),(((t785,t3151),t1770),((t894,t1924),((t1722,t3640),((t2023,t4244),t3242))))),(((t306,t4086),((t2647,t4324),(((t3059,(t4167,(t4193,t4607))),t3080),(((t3383,t5704),(t4333,t6203)),t3871)))),((t1808,t6184),(t5332,t5806))))),((((((t96,t2510),((((t1415,t6201),t5830),t5141),(t1804,t2346))),(((t868,(t4674,t5371)),t2423),t2320)),(((((t192,t5098),(t2219,t4508)),t1628),(t761,(t2771,t2781))),((t300,((t649,t3886),(t2875,(t3781,t6047)))),((t547,(t5372,t5374)),t805)))),(t71,((t2208,t4123),((t3923,t6199),t4567)))),(((t169,(t4779,t5572)),t2051),(t431,t4364)))),(((((((((((((t2362,(t3860,t4359)),(((t1850,t5570),t3148),(t1883,((t4003,t5315),t4174)))),(((t1492,t5225),t3730),(((t3301,(t5701,(t5800,t5938))),(t5270,t5488)),((t4894,(t5096,t5258)),t5064)))),t1198),((t1019,t5578),t3893)),((t539,t1236),(((t2575,t5425),((t2609,t4660),t3756)),t1844))),((t345,t1709),((t541,((t1713,(((t2823,t4596),((t3946,t6121),t4559)),(t3385,t5133))),(t2691,(t4621,t5047)))),((((((t1010,t3761),t3446),(t3585,t1957)),((t1294,t4824),(((t2578,t5255),t5140),(t3838,t3843)))),((t1251,t5453),((t2188,t4549),t3137))),((t2692,t5316),(t3266,t6028)))))),(((((t155,((t3109,t4441),t3117)),(t2640,t5162)),((t2739,t5560),t4514)),(((t2255,((t4491,t5422),t5245)),t2984),(t3347,(t5990,t6079)))),((t1655,(t2402,t5274)),((((((t426,(t4110,t4595)),t3992),t3631),((t1442,t2016),(t1685,((t2265,t4769),t4047)))),(((t1111,(t5015,t5030)),t4964),(t1980,(t3740,(t3807,(t4116,(t5846,t6135))))))),((t719,(t2494,t3351)),((t1078,t3641),t3458)))))),((t502,((t1188,t4391),(((((t2425,t5538),t3581),(t3054,t3310)),t2748),t1815))),(((((t93,t5361),t4954),t4677),((t2338,((t5185,t6125),t5303)),t3302)),(t892,(t3156,t5132))))),(((t51,(t1268,t5129)),((((t2912,(t4519,t6068)),t1058),(t1973,(t5160,t6050))),((t1218,t5137),(t1863,t4710)))),(t496,t2941))),(((t75,((t3085,t6197),t5230)),(((t372,t4347),(t2326,(t3774,t4023))),(t991,((((t2227,t5401),t4938),t3070),((t3451,t5469),(t3776,t4886)))))),(t728,t5299))),(((((((t594,((t1809,t6245),((t4307,t3682),t4269))),(t606,(t4613,t5529))),(t223,((t2094,(t3749,t5430)),t3413))),((t3731,t3454),t4093)),((((t726,t5486),t2753),t2109),((t1919,t3748),(t2157,t3069)))),((t188,((t3465,t5650),t5475)),t2536)),((((t483,t3558),((((t1387,t6183),(t3366,t5812)),((t1959,t5351),t3350)),(t1439,t5563))),((((t4609,t5530),t5067),t5735),t3135)),(t225,((t1132,((((t1310,t4901),(t4033,(t5035,t5586))),(t3622,t5690)),((t1915,t3548),(t3528,t5952)))),t1139))))),((((t1681,t19),(((((t748,t4695),(t3167,t4535)),((t1573,t3234),((t2143,((t3172,(t4512,(t5213,t5769))),(t4382,t5974))),((((t3497,(t5297,t5402)),t5135),((t2720,t6167),t5790)),t2488)))),((t1260,t6024),t3643)),(((t995,((t1852,t4630),t4230)),(t1481,t5526)),(t1063,t6174)))),t357),(t191,(((((t1171,t4614),(t4277,t4581)),t3155),(t2890,(t4031,t5583))),(((t2369,t5181),(t3230,(t5216,(t5976,t6076)))),((((t2485,t5927),t4014),(t4004,t5284)),t3532)))))))),((((t1,t2340),(((t2111,t4513),(((t741,t6223),t5670),t3229)),((t820,t5921),(t4951,t5048)))),(((((t2002,((t2441,((t4493,t4994),t4907)),t4344)),((t538,t5611),t4922)),t1328),((t1639,((t3483,t6040),((t3817,t5569),t5002))),((((t1724,(t4415,(((t4462,t6025),t5681),t4800))),(t2687,((t2768,t4401),(t3461,t4944)))),t2201),((((t2098,(t4874,t6011)),t4848),t4276),((t2249,t5441),t4909))))),((((t654,t4345),t4323),((t2736,t4310),(t3287,t3769))),((t1964,(t5105,t6180)),(t3800,(t4561,(t5452,(t5991,t6231)))))))),(((((t1051,(((t2525,t4201),t3396),(t2067,t5370))),((t1758,t4130),t4128)),(t1545,(t3318,t3993))),t445),t1039)));
data/birth_death/5000/model_trees/bd.2.model_tree	data/birth_death/5000/dcm_source_trees/100/bd.2.source_trees	4.490878105163574	3.9899999999999998	0	0	1.0	0	0	1.0	(((((((((((t2250,(t2844,t3641)),(t4598,(t4935,t5428))),((((((t2142,t5856),(t3345,(t3856,t5257))),(t2887,t4908)),t2852),(t3334,t5120)),(((t2081,(t3926,(t4855,t5398))),t3853),((t3064,t2712),(t2949,t5568))))),((((((t267,t5930),(t2501,t4533)),t2056),(t1816,(t2508,((t4784,(t5913,t5917)),(t4823,(t5052,t6020)))))),(t1481,t1782)),((t1011,((t2287,t5868),(t3709,t5814))),((t1983,(t3317,t5835)),t2889)))),(((((((t182,(t3674,(t4102,t6135))),((t2187,t3558),t3453)),t1269),(((t868,(t3726,t4844)),((t2865,(t3987,t5417)),t3532)),(t1437,t5176))),((t542,t4620),((t4058,t5092),t4130))),((((t812,t5584),t4516),t3960),(((t942,t2729),(t2542,t5515)),((((t1411,t5770),(t4900,t6128)),t3634),((t3346,t4277),t4245))))),(((t755,((t2127,t4545),(t2282,t3906))),(t434,t1752)),(t588,(t4152,t3869))))),(((t437,t2532),t2308),(t49,((t1768,t5358),t5111)))),((((((t751,((t2134,t4886),((t2178,t4456),t3479))),((t2687,t3489),t2753)),(t1120,t3896)),((((((t25,t5847),t2970),(((t1287,t5941),((t1778,(t2070,t2618)),t1536)),t2332)),(((((t1953,t4062),(((((t2812,t5161),t4060),(t3665,t5299)),((t3580,t6067),((t4828,t5441),t5096))),((t3501,t3697),((t3613,t5785),t5737)))),t2567),t4008),(((((t1810,t5989),t5716),t3211),((t2597,t5007),t2698)),(t1848,(t4507,t6136))))),((((t739,t5477),t5260),(t3089,t6072)),(t1224,(t3528,t3587)))),(t715,((t764,t4899),(t1629,t6069))))),((((t93,((t1074,t4984),t3242)),(t401,(t1268,t3324))),(((t830,(t5000,t5102)),((t167,(t3022,t4449)),(t1355,t1786))),(((t2406,(t573,(t4465,t5751))),(((t2121,t5884),(t4185,t5517)),((t2192,t5708),t4628))),(t1681,(t2073,t5621))))),(((((t406,t4979),(t4082,(t4448,(t4695,t5438)))),(((t2480,t5622),t3387),(t2531,t2892))),((t1424,(t5951,t6007)),t1855)),(t1154,t4097)))),((((((t2055,t5411),t4292),(t2706,t3656)),(((t145,((t3160,t5794),((t3341,t5962),(t3599,t5600)))),t1458),(t736,(t2851,t4501)))),(((((t784,(t1969,t4080)),((t998,t4050),((t1024,(t1917,(t3835,t5086))),(t2486,(((t2638,t6183),t4632),(t2988,((t3635,t4672),t3241))))))),((((t2999,t6130),(t4562,t6073)),(t3441,t5586)),t500)),(t207,(t3188,t4934))),(((((t478,t4340),t3367),((t2452,(t5142,t5383)),t4177)),(t1018,t5890)),t4296))),(t3417,((t3420,t5541),t5079))))),((((((((((t30,t2974),t2443),(((t2135,(t3486,t4836)),(t2389,t5566)),t1308)),(((((t960,t5707),(t4634,t4831)),((t2235,t5229),(t649,t4343))),((((t799,((t2713,t5900),(t5066,t6085))),(t2215,t5569)),(t2213,(t2867,t6127))),(((t1313,((t2806,t4606),t2854)),(t2036,((t2507,t5504),(t4142,(t4769,t5138))))),(((t1363,t6156),((t3202,t4924),t4921)),(t3170,t4657))))),(((t772,(t4098,t4952)),(t3737,t5084)),(((t1185,t4904),((t2315,t4838),(t4183,t5813))),(t1614,((t1685,t4012),t3616)))))),(((t1461,(t2760,t4035)),(t1981,t4454)),(((t1004,t605),((((t1968,t4005),t2286),(((t2172,t4259),t3229),(t2722,t5011))),(((t983,t5618),(t4893,t5157)),t4075))),((t1198,t2621),(t2449,t3579))))),(((((t220,t3812),(t2691,(t2108,t4106))),((((t548,t3695),((((t2834,t4380),t4059),(((t2897,(t5437,t5919)),t4515),t3934)),(t2345,(t4219,t4313)))),(((t1730,t4202),t5810),t3446)),(((((((t3270,t5843),t5775),t4573),((t1911,t4783),t2500)),t1652),(((t1166,t4091),(t3571,t3854)),t2912)),((t1005,((((t4184,t5480),t5204),(t4659,(t4772,t5591))),t4435)),t1870)))),(((((t425,t4289),(t1641,(t4719,(t4808,t4988)))),t1435),(((((t1225,t4272),(((t5105,t5211),(((t2802,t4986),t3466),t4096)),((t1955,(((t2120,t6139),t5662),(t4869,t5189))),((t1896,t5700),t4872)))),t2957),((t1061,(t2145,(t2780,t3161))),t1618)),((t1020,((t1991,(t3984,t4656)),t2166)),(((t1528,t4557),t2976),t2846)))),(((t495,t6091),t2182),((t853,t4780),(t1419,t1980))))),((t354,(t2554,((t3145,(t3626,t6146)),t3096))),t1732))),((((((((t199,((t3592,t4674),(t3615,t3822))),((((t833,(t3998,t4242)),(t2653,t4291)),(t1668,t4564)),(((t1043,t5831),t5414),t4579))),(((((t730,t5457),(t2412,t3034)),(((t1605,(t6015,t6125)),((t5071,t5957),t5715)),(t3916,t4352))),(t664,t4593)),(((t693,((t1006,(t4346,t5537)),((t2002,(t5132,(t5322,t5527))),(t3627,t3940)))),(t2118,(t2163,t2558))),(t2863,(t3593,(t5816,t6088)))))),t419),((((t1081,(t2325,t3682)),t2090),(t315,t5894)),((((t795,t5635),t4537),(t1808,(((t2407,t6029),(t4597,t4197)),(t4469,(t2527,(t5337,t5533)))))),((t1655,t2975),((t2769,(t3397,t3989)),(t2998,t4386)))))),t79),((t119,t3511),((((t506,(t1513,t3299)),((t1101,(t4926,t5275)),t4042)),(t594,(((((t659,t4969),t3269),((t2682,t3884),t2924)),(t1484,t2097)),((t1296,(t2906,t5604)),t1177)))),(t650,((t1447,(t2666,t4192)),((t2050,(t3894,t5918)),t3628)))))),((((t2376,t4018),t43),((t1783,t3402),((t2633,t5114),t2766))),((((t637,(t5291,t5641)),((t2940,t5448),t4161)),(t3357,t5429)),(((t822,t5253),((t2711,t5616),t4743)),((t1477,(t4775,(t5152,t6178))),((t3424,t5510),t4787))))))),(((((t1228,t1454),(((t36,t5200),(t4057,t5675)),t3154)),(((t460,t4251),((t2054,t2861),t2001)),(((t938,t4565),t3570),((((t4583,t5009),t3765),(t3150,t4482)),(t2042,t3326))))),((((t245,t3659),(t889,t2239)),((t553,(t2113,(t3428,t4584))),(t1695,(t2930,t4312)))),(((t3048,(t3694,(t4777,(t5346,t5977)))),((t2472,((t3928,t6083),t4556)),t2426)),(((t4535,t5503),t2130),(t2716,t3806))))),(((t1607,t3121),t3040),((t1295,t6013),(t5585,t5752))))),(((((((((((t2242,t5311),(t2643,((t3578,t4700),(t4010,t5479)))),t2853),t817),((t848,((t3842,t6011),(t4132,t5306))),(t3484,t5345))),((((t2283,t4939),t4110),(t3800,(t4720,t5529))),t5117)),((((t576,t5704),(t3959,t4376)),t3343),(((((t877,((t3900,t4525),(t4038,t5793))),(t3720,t3782)),t3283),(t1359,t5327)),(((t1100,t3358),((((t1957,t5561),t3577),(t2942,t4987)),(t2101,((t2529,t4728),t4334)))),t1450)))),((t565,(t1842,t1736)),(((t1051,(t3122,t6111)),(t2234,(t5041,t5829))),t3725))),((((t1754,((t1866,(t4548,t5507)),(t2886,t5897))),(t1847,t4455)),t1325),(((t939,t4546),((t2355,(t3521,t3912)),(t3001,(t3435,t5262)))),(((t1193,t6070),(t1388,t5037)),(t1218,(t1938,(((t1963,t5915),t5789),t3175))))))),((((t409,t4766),(t1457,(t3730,t4205))),(((t1231,((t4051,t6009),t4518)),((t1317,((t3514,(t5339,t5396)),((t3745,(t5122,t5988)),t4220))),(t1753,t5473))),t1427)),((t895,t3297),t1417))),(((t13,t5278),t2291),t1284))),((((t50,t3949),(t2759,t3475)),((t2152,t5453),((t2623,t5406),((t2684,t3688),(t3395,t5486))))),((((t170,(t3525,(t3543,(t5159,t5623)))),(((((t1222,(t4250,(t4818,t5124))),((t3234,t6075),t5842)),t3100),((((t1533,(t4055,t5647)),(t2348,t3863)),((t1944,t4858),t1997)),t1864)),(((((t551,(t1539,t4805)),(t1298,t1879)),(t1254,t2546)),(((((t3068,t941),(t2619,t5115)),t2454),(t2953,t4907)),(((t2702,t5418),t3536),(t4351,((t4391,(t4978,t5469)),(t4832,t5965)))))),(((((t757,t2832),t1984),t3293),((t1561,(t969,t3134)),(t1251,(t1593,(((t2516,(t3565,(t4112,(t4638,t6179)))),t3427),t2757))))),((t810,((t3103,t5377),t4883)),t1653))))),(((((t536,t5800),(t1863,(t3487,t5350))),((t1068,(t2357,t5732)),t1493)),(((t10,t4169),t2669),t2661)),((t222,(t1654,((t4604,(t5543,t5745)),(t5512,t6074)))),(((t2010,t3200),((t3159,((t4827,t5746),t5233)),(t3220,t4903))),((((((t1648,t5326),t4420),(t3086,t4235)),(t3036,t6046)),((t2589,(t5574,t5939)),t4709)),(t2126,(t3219,t3282))))))),(((((((t564,(((t3703,t5221),t4484),(t3775,(t4088,t5567)))),((t707,((t3507,t4778),(t3736,(t5995,t6036)))),t947)),(t4066,t4463)),(t600,(t2012,t5180))),((((t956,t4528),t4121),t2946),((((t1553,t4254),(t3575,t3859)),t3452),(t2254,t3907)))),((t654,t3000),t1604)),(((t24,(((t424,t4726),t4400),(t1311,t3413))),((t217,((t2416,t5603),((t3025,t3985),t3970))),t3509)),((((t1114,(t2574,t4745)),t2224),t3873),((t3302,t4367),(t4021,(t4624,t5008)))))))))),((((((((((((((t261,t5547),(t3049,t4086)),t1998),((t1663,t3480),(t3135,t4331))),((t994,(t4789,t5113)),(t2354,(t2559,(t2590,t4689))))),(((((t2368,t3431),(((t2686,t5969),(t5338,t5907)),(t3338,(t3922,t6089)))),(t3106,(t4673,t5365))),((t1500,t3585),((t2636,t6038),t5638))),((((t2119,(t660,(t3506,t4976))),(t2111,t5688)),(t1667,(t3294,((t4124,t5808),t5456)))),((t794,((((t3711,t5887),t5310),t4358),(t3944,t4960))),t2676)))),((((((((t1687,t5987),t2307),t2136),t1974),((t462,(t3954,((t4906,t5982),t5844))),(t3108,(t4246,(t5030,t5193))))),t1334),t648),(((t519,(t4694,t5329)),((t1749,t5648),t4835)),t1494))),((t302,t2425),(((t1563,t5018),t5016),(t4476,t5518)))),((((t187,((((t1803,t4198),(((t2955,t6014),t5901),t5500)),t1912),(((t1361,t2174),t1495),t1396))),(((t720,t5960),(((t3307,t6002),t5445),t3837)),(t1478,t4378))),((((((t3054,(t4975,t5095)),t4812),t4612),(t4165,t4760)),(((t4019,t5735),t4543),(t4101,t4140))),(t1323,t6051))),(t98,t2185))),(((((t230,(t2648,((t4171,t5027),(t4425,t4682)))),((((t531,t5598),((t2818,t3567),t3318)),((t2725,t4237),t4029)),((t1747,t5371),t5044))),((((t526,t4439),(((t1598,t6153),t5780),t4336)),(t892,(t1344,(t2468,t4279)))),(((t886,t4114),(t3032,t3406)),(t2233,((t3148,t5809),t4046))))),((((((t1137,t3215),(((((t2319,t6077),t5739),t4085),((t3439,t5542),(t3924,t4884))),t3608)),(t872,(((t1026,(t3173,t5976)),((((t2962,(t3763,t5711)),t3223),(t3621,((t4218,t5298),(t4947,t5085)))),(t2911,t5394))),(t2515,t3285)))),((((t3315,((t4688,t5760),t5351)),(t5731,t5914)),(((t1565,(t4813,t5321)),(t3330,t5583)),((t2960,t5387),((t3340,t4880),(t4788,(t5173,t5781)))))),t821)),((((t152,(t5015,t6123)),t2460),(t2019,t3204)),(t1691,t5252))),((t235,t5103),((((((t1142,t5554),(t2263,t2731)),((t1512,t3868),(t3380,t4168))),(((t1203,t4923),t3967),(t3700,t5369))),(t1881,((((t2624,t5014),t4555),(t3044,(t5372,t5501))),t1889))),((t2965,t3095),t2600))))),t84)),(((t34,t2069),(((t320,((t3127,t4854),t3722)),(t2773,((t3440,t4985),t4711))),(((((((t1860,(t5664,t6031)),t4800),t4411),(t2133,t5318)),t2872),((((t634,t4384),t1483),t913),(((((t1345,t2630),(t1659,t3222)),(t4317,(t1128,t5491))),((t1080,t2220),(t1556,(t4028,t4099)))),((t3362,t984),(t2059,((t2143,t4714),t4687)))))),(t1063,((t333,t5458),(t3052,t4214)))))),((((((t118,t2240),t2222),((t1309,t5070),t2000)),((t1155,t5203),(t4888,t5539))),((t860,t6154),(t1679,(t3932,t5693)))),((((t444,(t642,t1362)),(t522,((t4089,t5025),t4954))),((t643,t6095),(t2813,t3827))),((t345,t4853),t3456))))),(((((((t922,t3445),t2689),(t2140,(t4856,t5149))),(t131,((t1628,t3359),((((t1489,t3862),(t3113,t6071)),(((t1715,t5578),t4283),((t2359,t1773),(t2149,t5934)))),(t3573,t4109))))),(((((((t183,t6097),(t2177,t4931)),((t893,t6025),t2660)),(((t816,t5605),t3839),((t2028,(t5801,t6115)),((t3607,(t5375,t5852)),t5356)))),(t704,t2005)),(t647,t3322)),((((t330,((t3271,t4417),t4119)),(t2533,t5822)),(t2278,(t3256,t5784))),((((((t1223,t5606),t4532),t3818),t1622),t3058),((((t804,(t2317,(t3117,t5636))),(t826,(t3088,(t1211,(t4758,t4989))))),t463),((((t1734,t5741),t3162),(t3009,t494)),((t604,(t4225,t6176)),t3080))))))),(((t557,(((t2629,t5412),t3250),t2372)),(t1270,t5524)),(t723,(t1774,t4081)))),(((((t518,(t3980,t4589)),t2831),(t1645,t5630)),t1242),t4263))),(((((((((t277,(t5186,t5663)),(t787,(((t1274,(t1700,t3796)),((t1356,t6187),t2683)),(((((t1014,(((t5292,t5722),t5335),t5325)),t5123),t4641),t3576),(t1846,t4181))))),((((t370,(t3372,t4438)),(t1666,(t3264,t5540))),(((((((t1916,(t5295,t5596)),t5167),t5136),t2157),(t614,t4037)),t1351),((t714,(t4697,t5118)),(((t1680,t5284),t5274),(t2588,t4654))))),((((t1436,(t2432,(t5409,t5798))),((t2048,t4544),t4325)),(((t721,(t3953,t6086)),(t2116,(t3115,t4173))),((t1283,(t2482,(t3755,t4458))),(((t1343,(t3702,t5757)),(t2083,t3911)),t2931)))),((((t1569,(t4559,t5815)),((t3523,t5689),t4204)),t2825),t1822)))),(((((t311,t5733),(t3746,t3799)),t2580),(t1169,(t4553,(t4681,t6113)))),(((((t1713,t3643),t2915),((t2342,t3595),t2984)),((t869,t3925),t5342)),(t1613,t4500)))),((t595,(((t815,t4691),((t3114,t5227),(t3620,(t3650,t3727)))),(t1926,t3041))),(((t385,t1799),(((t727,(t3259,t5169)),t2596),(((t447,t4067),(t3712,((t4472,t5954),t4637))),((t3391,(t4076,t5645)),t3400)))),(((((t875,t5506),(t1664,t6108)),((((t767,t5031),((t3630,((t4627,t5100),(t5098,t5799))),(t3667,t5058))),t3097),(t3228,t5065))),t2212),((((t759,(t5004,t6102)),((t3079,t5943),t5240)),t2879),((t783,t4966),((t4450,t5792),((t4918,t6173),t5126)))))))),(((((((t1735,t5695),t3481),(((t2346,t5548),(t3990,t4248)),t3142)),(t842,(t2096,t6185))),t1175),(((t558,(((t2241,(t4955,(t4967,t5314))),t3210),(t2581,t5963))),((t1178,t3874),(t1990,t5680))),(t881,((t3230,t6059),t5433)))),((((((((t390,t5270),((t3865,t4398),t4275)),t3761),(t3638,t4731)),t1275),(((t1157,t5587),(t3165,(t3964,t4608))),((t2824,t5466),t5116))),(((t599,(t3653,t4508)),(((t1285,t5970),(t2373,((t2436,((t4210,t5840),t4951)),t4301))),(t1642,(t3683,t4231)))),((t1196,t4415),(t1482,((t2298,(t5823,t5942)),t3128))))),((((t561,t5883),(t3669,((t3843,t5026),(t4678,t5665)))),t2916),(((t798,t2261),((((((t1121,t5222),t5127),(t3386,t5926)),t3111),((t2445,(t3412,t6170)),t3280)),(((t1763,t4426),t2743),t2535))),t849))))),((t157,((t1107,t3689),((((t2485,t5214),t4049),t1518),(((t1619,t5482),t2748),(t3503,t4744))))),(((t399,t6084),t2548),(t2276,t4843)))),(((t57,t5172),(t4154,t5777)),(((((t204,t5654),t4054),t2478),((t2318,t356),(((((t1651,t5786),t4003),t3963),(t3743,t5305)),(t2074,(t5187,t5572))))),((t1859,t2658),(t2015,(t1835,t5072)))))),(((t121,t4141),(((t4069,t4779),t1261),((t1350,t5294),(t2399,t4859)))),(((((((t1903,t6109),t5407),t5006),(t2414,t5860)),((t33,t4433),(((t3685,t5552),(t4898,t5876)),(t3946,t5611)))),((t297,t5215),t2106)),(((t179,t5487),((t878,t2246),((t3350,t4569),(t3731,t4396)))),(((t504,t4131),(t1103,((t2320,t4519),(((t3171,t5344),t3889),(t3366,((t3652,t5911),t5028)))))),(t734,t1430))))))),(((((((t663,(t1658,t4107)),(t780,t2488)),((((t2547,(((t635,t4504),(((t4052,t5858),(t5104,t6045)),t4243)),(t2785,((t3814,t5743),t4073)))),((((t563,(t4056,t4022)),t3740),(t1594,(t5151,t5248))),(t995,t2281))),((((t266,(t2840,t3388)),(((t456,(t4922,t5755)),(t4371,(t4737,t5049))),(t4305,(t4797,t5902)))),(((t480,t5933),t5261),t1032)),(((((((t4365,t5669),t5185),t5363),((t1507,t2066),(t1956,t4647))),t1173),((t722,t5080),(t4696,t6048))),(t312,(t982,((t1088,t5759),(t5455,t6078))))))),(((((t164,(t3411,(t3586,t4795))),(((t1745,((t2914,(t5734,t5782)),t5555)),t2605),t2382)),(((t166,t5870),(t2954,t4821)),(((t866,(((t3010,t6148),t5644),(t1264,t5671))),((t1162,((t2991,t5670),t3556)),(t1078,(t4677,t5655)))),(((((t1647,t5565),t5266),t3914),(t2284,(t3830,t5766))),(t2032,t5497))))),t4203),((((t175,((t3460,(t4804,t5207)),(t4201,t6033))),t1399),((((t289,(t4964,t6062)),((t2190,t2455),(t2247,(t3225,(t5251,t5366))))),t1321),(((t3187,(t5281,t5851)),((t3905,t6039),t5160)),t2473))),(((((t2269,t4326),((t2950,t5083),t4497)),t2564),(((t719,t5022),((t4462,t5516),t5190)),(t3232,t4286))),(t237,(t5804,t6142))))))),((((t135,t3105),((t2331,t3986),t3679)),(((t1139,t3526),t1392),(((t1226,(t4756,t5082)),t3825),(t3552,(t4617,t4927))))),(((t55,(t2221,t4664)),(((((t1393,t2570),t1951),t1348),t2334),(t2545,t1603))),(t422,(((t2599,t3421),t3277),(t2674,t6022)))))),(((((((((t513,((t1694,((((t2167,(t3017,t5119)),(t2814,(t4878,t5684))),t4928),(((t2402,t6161),t4253),(t3151,t4491)))),((t2046,t3777),t2385))),(((t914,t5439),(t2405,t3153)),t1585)),(((t623,t2290),(t1365,t5632)),(((t630,t5323),((t2696,t5198),t2774)),(((t1599,t4486),(t3598,t4443)),t1444)))),((((((t1271,t3254),((t2839,(t4187,t5758)),(t3077,t5317))),(t2417,t5286)),((t2160,(t3465,((t3718,t5525),t5347))),(t1706,(t2209,t6099)))),((t1167,t3074),((t765,t5807),(t4288,t5573)))),(t1186,t3267))),((t476,(((t921,t4840),t2493),((((t1433,t5361),(t3707,t5024)),t3006),((t2526,(t5863,t6057)),(t3195,t5459))))),(t508,t3996))),(((t801,((t2995,t4188),t3978)),(t296,(t3564,t5702))),(((t1027,t6023),t4480),((((t2453,(t5545,t5626)),t5402),(t3915,t5446)),(((t2626,t5493),t4464),(t2762,t4390)))))),(t120,t3804)),(((((((((t172,t5216),(t3780,t6076)),(t2900,(t2909,t4293))),((((((((t1053,t5300),t5258),(t5134,t5730)),t4328),t3632),(t3123,(t3866,t5940))),(t1124,(t2495,(t2877,t5956)))),(t1071,(t4839,t5145)))),(((t728,t5910),((t4585,t5754),t5302)),t4355)),((((((((t1229,t6114),t5985),(t4157,t4172)),((t3028,t4191),t3329)),((((t1534,((t4732,t5849),t5162)),((t3495,t4932),((t4146,t4240),t4149))),t2692),t1897)),(t1379,(t2967,t3817))),((t2138,(t3371,(((t3409,(t5640,t6131)),(t4876,t5614)),t3919))),(t3120,t4642))),t609)),((t1722,(((t2155,((t3937,t5129),(t4623,t5787))),t3555),t3321)),(((((t502,t4492),((t2045,(t5236,t6037)),t2164)),(t2018,t5478)),(t1549,t2374)),((t1741,t3803),t2823)))),((((((((t1400,t4405),(t2875,(t3751,t5316))),(((t191,t3436),t2459),((t1672,t4599),t3785))),(((t775,t5234),(t1347,t3156)),t1255)),((((t738,t2782),(((t2297,t3353),((((t2929,t4190),t4453),t4061),t3308)),t2752)),((((t1069,t4703),t2582),(t2313,t2462)),(t1439,t4120))),((t2465,t5301),((t2340,t6105),(t5619,t6000))))),(((t498,t6034),t5061),(((t3408,t5992),(t4269,t4575)),(t3951,t4276)))),((((t4660,t378),((t2634,t4341),t2739)),((((((t3512,t4901),t4708),t2756),(t1567,t4498)),(t2180,t5984)),((t514,(t2427,t6060)),((t1349,t4716),t2733)))),(t837,(((((((t1303,t5178),t4414),t3988),(t3646,t4781)),(t2721,t3303)),t1755),((t1718,(t2723,t5423)),t1992))))),(((((((t429,(t4017,t4791)),t2847),(t2770,t5245)),t1551),(((t926,t2952),t1470),t1382)),((t667,t5391),t4710)),(((t1122,t5038),(((t688,(t3500,t4846)),t2351),((t2153,t4817),(t2864,t4945)))),(t1132,t2983))))),((((((((t763,t6117),t3214),((t1960,t4156),((t2433,((t3296,t5254),(t4715,t5489))),t2990))),(t1660,(t4764,t5546))),((((((t260,t3774),(t3133,t3882)),((t2517,t4274),(((t2577,t5263),(t4223,(t5701,t5774))),(t2604,t2764)))),(t1964,(((t2062,((t3325,((t5226,t5859),t5631)),t4175)),t2972),(t2003,t4910)))),((((((t1584,t4895),((t4300,t5709),t5075)),t4160),t4092),((t2197,t5714),t3073)),(t1845,t4441))),(t1199,(t2347,(((t3499,t5966),(t4866,t5067)),t3705))))),((((t490,t3815),t1787),(t2139,(t1357,t5945))),t924)),((((t208,(t3778,(t4315,t5928))),(((t985,t4765),((t4725,t6165),t4736)),t610)),((((t1135,(t2576,(t4820,t5255))),t1341),t1097),t4892)),(((((t316,t5850),t3076),(((t2447,t4752),t4393),t3141)),(((t2329,t5063),(t4014,(t4083,t4278))),t2364)),((((t2017,t4983),t3483),t3476),t331)))),(((((t190,(t4499,t4520)),(t4348,t4625)),(t1401,(((t1789,t2386),(t2333,(t3019,t4763))),(t1994,((t3252,t5068),t5553))))),((((t472,((t1174,t2388),t1809)),(((t1943,t2401),(t1973,t2928)),((t1073,(t4162,t5893)),t2475))),(((((t749,t4329),((t1621,t2158),(t2068,(t3671,t5405)))),(((t1601,((t4013,t5045),t4047)),t3213),(t2850,t4364))),t1110),t2082)),(t678,((((t945,(t2714,t5505)),(((((t1434,t4757),t3449),(t2099,(t2199,t2673))),((t1703,t4009),(t2594,t3798))),(t2088,((t3508,t6056),(((t4407,t5550),t4851),t4663))))),((t1381,t5827),(t1407,t6006))),((t1131,(((t3336,t6047),((t4361,t4742),t4475)),t3776)),(t1213,t1857)))))),(((((((t440,(((t3023,t5330),(t4048,t4103)),((t3069,((t4239,(t5163,(t5779,t5848))),(t4648,t4916))),t3890))),(((t2093,t5643),t4534),t4045)),((t1462,t4229),t2396)),((t603,((t3738,t5998),t4667)),(((t1729,t3551),t2768),t4917))),(t112,t5837)),((t1690,t6157),((t2671,t4767),t3779))),((t225,(t1759,t3880)),(t426,t670))))))),((((((((t1987,t5331),t4298),t2606),t510),(((((t684,(t1826,(t1918,(t4652,t5947)))),((t1705,t5892),(t3793,t6098))),t1409),(((t1033,(t5464,t5471)),t5002),((t3295,t5624),(t3596,t5797)))),((((t962,(t4570,t5686)),t3706),((t2053,(t5107,t5657)),((t2349,t4539),t3083))),(((t2014,t3930),(t3640,((t4155,t5340),(t4871,(t5401,t6017))))),(t3092,t3276))))),t332),((t369,t2397),((((t669,t4369),((t1246,t5244),(((t1684,t3769),((t3375,t5802),(t4446,t4850))),t2323))),((t1021,t4675),(t1617,t3756))),(t1521,(t1414,(((t1780,t6124),((t5599,t6016),t5705)),t3339)))))),(((((((t389,(t4150,(((t4474,t5805),t5532),t5177))),((t2103,((t3016,((((t4669,t6019),t5534),t5343),t4958)),((t4430,t5280),t5196))),(t2709,t3087))),t1232),((((t2499,(t2751,(t2870,t4568))),t1163),t1468),((t2151,t3976),((t2775,(t3082,t5148)),t2862)))),((((t533,t4036),(((t1640,t4457),(((t2561,t4332),(t4176,(t4919,t5564))),t3642)),t1924)),(((t1164,t5791),(t1986,t4595)),((t3198,t3238),((t3584,t6144),(t4403,t5975))))),((((t1751,t5924),t5168),t993),t1674))),(((t355,((t1946,t5795),(t5467,t5656))),((t1509,(t3313,t4194)),((t3396,t6155),t4905))),(t1278,t3124))),((((((t54,(t3384,((t4031,t5764),t5570))),t3167),t2973),t2428),(t861,t4746)),((((t324,t3014),(t990,((((((t2029,t3504),(t3426,t6001)),t1181),t1936),(t1702,t1770)),(((t1235,t5250),((t2822,t5012),t3328)),((t2011,t6134),t3581))))),(((t577,(t3405,t4299)),((((t619,t3468),t3390),(t2047,(t4302,t5005))),(t1961,t6079))),t666)),(t1306,((t2264,t4483),t2403)))))))),((((((t973,(t1823,t4684)),((((((t957,t3716),(t3226,t4576)),t3118),t3189),(t1265,t3902)),(t1090,(((t4335,t5073),t4867),t4134)))),(((t550,t6027),((t3038,t4864),(t3382,t3760))),t2719)),(((((t1319,(t5223,t6087)),t4294),(t3292,t5660)),(t2750,t4467)),(((t692,(t3918,t5488)),((t2375,t5959),t5210)),t1862))),(((t171,(t2336,t5171)),(t1739,t2162)),(((t2237,t198),((((t1720,(t5256,t5538)),t5032),((t2381,t3625),(t3378,t5535))),(((t1905,t4750),t3037),(t2195,((t3560,((t4567,t6052),t5101)),t3668))))),((((t1459,t6158),t5502),t3891),(t4479,t4946))))),(((((t1555,(t5354,t6118)),((t1136,t5121),t4337)),(t2156,t2787)),((t2617,t5352),t843)),((t555,(((t1342,t6104),(t1557,(t2356,((t4506,t5465),t4724)))),t1523)),(t762,((((t1854,t5862),t5308),t4877),((t4327,t5676),(t5156,t5904)))))))),((((((((t186,t5201),((t2404,(t4238,t5771)),((t1928,t5282),t3137))),((t797,t5376),t2358)),(((t387,t4023),(((t831,(t5059,t5194)),t4837),((t1972,(t5422,t5838)),((t2534,(t5756,t5841)),t3425)))),((((t1479,t4163),((t2894,t5389),t4547)),(t383,t4015)),((t1415,t5581),(t1463,t5790))))),((t367,t1834),((((((((t1082,((t4113,t5778),(t4594,t5184))),(((t1172,t5649),((t3332,t2211),(t2477,t3549))),((t1194,t4862),(t1537,t5150)))),t1777),((((t823,t5869),t4881),(t2538,(((t1877,t5238),t4591),t3649))),t1837)),((((((t916,t4701),t2925),(t2344,t5036)),t2117),(t1632,t3895)),(t1431,((t3306,t4748),t3563)))),(t1665,t3808)),(t673,t1040)),t408))),(((((((t585,t5763),t2537),(t1709,((((t2871,t5413),t3816),(t4536,t3788)),t3176))),((((t221,(t3231,(t5188,t5866))),(((((t2665,t6050),t5627),t5594),t3227),(t3060,t4324))),(t2878,t3850)),(((t2049,t5613),t3168),t1724))),((((t303,t3361),(t3423,(t2817,t5724))),t1675),((((((t2324,(t5932,t5949)),t5872),t5279),t3728),t3467),(t1171,t5415)))),((((t292,((t1958,t3152),(t2541,t2717))),(t933,t5273)),((t616,t3251),t2811)),((((t301,(t4481,t5646)),(t4318,t4729)),t3349),(((t528,(t1406,t5528)),(((t977,t5999),(t3764,((((t4487,t5818),t5470),(t5035,t6044)),(t4488,t4803)))),((t1519,t4761),((t2205,t5694),(t4006,t5492))))),(((t950,t5246),t4090),t1017))))),(((t414,(t541,t5767)),t3247),(t313,(((((((t448,t3997),t3684),(t3368,t5054)),t2672),((((t974,t5017),((t3301,t5839),t4601)),((t2451,t4741),((t2918,t4956),((t5241,t6049),t4442)))),((t1115,t1656),(t1368,(((t1686,t3936),(t3398,t5846)),(t2616,(t4137,t5749))))))),((t838,((t3836,(t5511,t6184)),t4158)),t3149)),(t847,t2688)))))),((((t41,(t2615,t3994)),((t608,t5935),(((t1890,t5296),(t4402,t5449)),t2898))),(t596,t3886)),(((t211,t2895),((((t477,t6107),t4524),(((t3208,t4027),(t4306,t4833)),((t3588,t5064),t4226))),t1038)),t136))),((t21,((t1543,(t4653,t5285)),(t1993,((t2252,t3260),(t2330,((t3610,t4727),t4034)))))),((((((t1105,t3747),t2314),t2077),t1391),(((((t1716,t3879),((t3805,t4320),t3917)),t3101),t2434),((((t2076,(t5091,t6064)),t4875),(t4810,t5909)),((t3496,t5328),t4104)))),t5312)))))),(((((((((((t768,(t2128,((t2481,t6055),t3999))),((t1646,(t3676,t4786)),(((((t2039,t5691),t3732),((t2837,(t4860,t6132)),t4143)),t1935),(t2556,t3164)))),((((t1149,t5576),t1819),(t1650,(t2876,(t4350,t4890)))),t1413)),((t597,((t1883,t5881),((t2544,t2933),t3898))),((t1874,((t2188,(t5575,t5950)),t2936)),t1449))),(t376,((t3541,t5265),(((t4043,t4896),t4645),t4509)))),((t142,((t899,(((((t1307,t5297),t3447),t2838),t2778),(((t2027,t4754),(t3795,t4095)),t2932))),(t1970,(t1288,t4262)))),(((((t2230,(t341,((t4740,t5367),(t4962,t5898)))),((t1467,t5442),t3721)),(((t1301,t3807),((t2438,t5855),((t3281,t5106),t3606))),t2380)),((t1216,t2041),((t1583,t2091),(t1769,(t2700,t5220))))),((((t1901,t5435),t4503),((t397,t5557),t3931)),(((t418,(t3603,t4611)),t1315),t2204))))),(((((t640,(t2841,((t2848,t3637),(t3284,(((t4138,t5974),t5476),t5206))))),((((t1233,t4943),(t4127,t4970)),(t2080,((((t2379,t6030),(t4308,t5997)),((t3144,t5677),t4493)),t2679))),(t3235,t4309))),(t1922,t5426)),((t3244,(((t100,(t1942,(t2904,((t3913,t6159),t5651)))),((t1446,((t4424,t6058),t5639)),t3429)),((t733,t4287),((((t827,(t3991,t4330)),t3072),((t980,t4996),(((((t1570,t5235),t3183),(t1930,(t3623,t5996))),(t1941,t5303)),t1329))),((t874,t5877),(t1390,((t5097,t5923),t5436))))))),((((((t987,t4290),((t3018,t4665),t3045)),(t1015,t4733)),((((t1209,(t4002,t4167)),t2383),((t1375,t3660),t4629)),(t1452,t3956))),((((((t909,(t4825,t5212)),((t5043,t6149),t5128)),(t3463,t3513)),((t2655,t4490),t2705)),(t1025,t3723)),(((t2827,(((((t2855,t5712),t3631),t3233),(t2997,t4502)),t2927)),t845),(((t1546,t3851),((t3741,t5404),(((t3861,(t5155,t5388)),t4698),t4236))),(t1592,t2071))))),((((t1977,((t2539,((t4126,t4739),(((t4373,t5740),(t4759,(t4994,t5021))),(t4379,t5717)))),t3193)),(t268,t3903)),(t1530,((t3867,t5378),t4511))),((t857,t5385),(t3131,t3789)))))),(((t134,(t2800,t4541)),t2734),t2395))),(((((((t691,t5133),t3832),(((((t1094,t6143),t2435),((t2415,t4566),t2803)),(((t1244,t5948),(t2369,((t4179,t5108),t4586))),(((t1907,(t5682,t6041)),t5474),t4258))),t4128)),(t2370,t2207)),((((t639,((t1610,t4873),t4133)),((t1148,t3783),((((t1352,(t4605,t5551)),t3758),(t3091,(t4852,(t5062,t5880)))),t1636))),((t832,t4961),((t1217,t3055),(t2497,(t4001,t5147))))),(t735,t3591))),((t1962,(t2568,t3492)),(((t2144,t6174),t2710),((t2520,t5772),(t2783,t5191))))),((((t126,(t3826,t3872)),((((t1559,(((t3143,t5946),t4382),((t3729,t4640),(t3802,(t4178,t4212))))),((t2458,(t4026,t4774)),t2523)),(((t1831,(t2964,t4356)),((t3675,t4799),(t4180,(t4842,t5867)))),t2805)),((t1366,t3982),(t3053,t5141)))),(((t451,(t3724,t4972)),(t796,(t920,t5315))),(t454,((t1836,(((t2690,(t5089,(t5878,t5929))),t4889),t2788)),((((t1850,t4521),t4409),t3450),t3224))))),(((t140,((t2612,(t5074,t5697)),t3938)),t1596),(t1192,(t4571,t5679)))))),(((t2366,t4848),t3462),t3268)),((((t1085,t5602),(t4064,t5833)),t4705),(((t51,t5109),t4626),(t5153,(t3547,t6093))))),((((t398,(t2309,(t4738,t5076))),((((t836,(t5048,t5558)),(t2450,t3897)),(((t3834,t5485),(t1180,t3651)),((t1291,(t3708,(t5020,t6080))),t3419))),((t1095,(t2498,(t2652,t3485))),t2935))),((((((t929,(t5039,t6094)),(((t3858,t5400),t5320),t4123)),(t1818,((t2809,t5582),(t2829,t4437)))),(t1723,((t3943,t4999),(t4166,(t4643,t5633))))),(t968,t3404)),(((t658,t6164),t4845),(t4100,(t5087,t5381))))),t31))),((((t29,((t1008,t4773),(t1548,t5357))),((((t375,t3810),(((t1118,(t4189,t6162)),t3790),t2715)),((t417,t1010),(((t2657,(t3537,t5386)),t2963),(t2675,t4649)))),((((t1099,t5736),t5580),(t3172,t4125)),(((t1354,t3416),t2979),((t2430,t4993),(t3129,t5908)))))),((((((((((t850,(t3759,t4387)),t1858),t1402),(((t917,(t4068,t4249)),t3908),(((t1252,(t4108,t5440)),t2611),(((t1582,t4122),(t2392,t3157)),((t1895,t3950),((t2248,t4940),((t2257,((((t3644,t5952),t4980),t4894),t3821)),(t2304,((t3533,t6122),(t4115,t5374)))))))))),((((t890,t4863),((t4224,t5672),t4721)),t3605),((((t1581,(t2440,(((t3910,t6042),t5834),t4734))),t2410),(t1925,(t2244,(t2880,t3993)))),t2842))),((t972,t5637),t4496)),((((t450,((t811,(t2154,t4650)),(t2024,(t5783,(t6061,t6110))))),((t464,t5871),t2514)),(t160,t4938)),(((((t195,(t5333,t5886)),(t3561,(t4234,t5920))),t2022),t746),((t308,t4959),(t2586,t6028))))),((((((((t792,(t3275,t4024)),(t1790,(t3185,t4646))),(t1473,(((t2175,t4920),t4363),(t4209,t5268)))),(t958,((t1758,t5217),t1805))),(((t3116,t4948),t3181),((t3132,t4973),t4230))),((t1007,t5882),(t2292,(t2467,t5384)))),(((((t653,t4339),(t2503,(t3311,t4418))),((t1370,(((t3012,t5742),t3360),t3125)),((t1637,(t3784,(t4530,(t4794,t5921)))),(t2165,t5259)))),t946),(((((t1055,t5773),(t2509,t4261)),(t2038,t6188)),t1397),(t3855,t5577)))),((t2487,(t1280,(t3177,(t4685,t5483)))),(((t1884,(t2859,t4282)),((t2694,(t3354,t5513)),t3029)),t2064)))),(((((t1221,t6101),(t4526,(t5033,t5879))),t3458),(t280,t5307)),((t566,t5495),((t863,t3893),t3015)))),(((((((t127,((t2232,t3027),t2868)),((((((t1112,t4349),((t3418,t4887),t4662)),t2971),(t2457,(t3272,t2628))),(t628,(((t1779,t3078),(t2792,t5247)),t2536))),t581)),(((((t1609,(((t2021,t3180),t2896),((t1794,t5158),(t4495,t4915)))),((((t1638,t3846),t2560),((t1788,t4436),(t2959,t5820))),t1744)),(t828,((((t873,t5727),((t1764,t5769),t1123)),((t1515,t4392),((t1673,t3568),(t1830,((t4542,t4577),t3809))))),(t902,t6054)))),(((((t1336,t5685),(((t1535,((t3629,t3781),(t3715,t4768))),(t3392,t3714)),((t2352,t4461),(t3687,t5980)))),((t919,t3356),(t2198,(t2444,t2902)))),(((t1143,((t4311,t6090),(t5549,t5854))),(t2920,t6026)),((((t2033,t5319),t4065),t3969),((t2730,(t5392,t6100)),(t2745,t5698))))),t928)),((((t95,(((t2978,t5397),t5288),t4280)),((((((t717,t4982),((t1965,t4447),((t3975,t4563),t4785))),(t1812,t4882)),((t1476,t4221),(t2663,t3071))),((t1104,t4762),(t4395,t4826))),(t4362,(t5146,t5209)))),((t773,t3410),(t3059,t4834))),(((t1367,(t3146,t3290)),((t3081,t4942),(t3510,(t5219,t5450)))),(t560,t4816))))),((((((t381,t1875),((t1001,(t2899,t4375)),(((((t1824,t5243),(t4459,t4616)),(t4428,(t5208,t5395))),(t2562,(t2266,t4268))),(t1950,t3448)))),((((t2583,t3136),t1743),(t2958,t5955)),t934)),((((t7,t3693),((t3191,t5050),(t4619,t5353))),(t1872,t4404)),(((t2644,t3084),t1346),t2270))),((t430,(((t3013,(t4723,t5720)),t4041),(t3104,t4807))),(t1339,(t2765,t5899)))),((((((t137,(t5034,t5674)),t1800),t1767),(((t1906,t4998),t1016),((t1266,((t2147,t5958),t3820)),((t1573,t4478),t2132)))),t2429),(t883,(t4717,t5249))))),(((((((((t617,t5927),t5230),t4033),(t3875,t5179)),(t3174,t3550)),t90),((((((t2463,t5424),t4394),((t3323,t4333),t3662)),(t1405,t6141)),t4712),((t521,t4412),t4307))),(t473,t4868)),t361)),(((t85,t3493),((t2437,t4953),t2810)),(t395,(t1049,(t4580,t5166))))),t435))),(((((((((t37,t5239),((t2874,t5678),(t3618,t6103))),t936),((((t1293,(t611,(t2365,(t2579,(t4079,(t4199,t6063)))))),(((((t1158,t2798),(((t2608,t4505),t3767),t3310)),(t1807,t3540)),((t1322,t4925),((t1550,t5906),t5277))),(t3901,((t4399,t6171),(t4574,t5434))))),t2265),((((t299,(((t1589,t5370),t3611),(t1165,t4806))),(((((t392,(t5496,t5681)),t4622),t4572),(t4444,(t4609,t6053))),(((t1575,t1253),(t1207,t3459)),(t415,t3502)))),((((((t405,t3203),t1765),(((t1514,(t5110,t5498)),(t2833,t3517)),t2279)),(t1428,t3147)),(t1214,t3888)),t997)),t1488))),(((t3958,(t5556,t5620)),(t3505,((t3633,t5765),t4413))),(t732,(t6160,t6180)))),(((((((t74,(t2394,(t2670,(t3063,t4016)))),((((t683,t3844),(t2171,(t2943,t3614))),t2063),((t1189,(t4264,t4722)),(t1273,((t2061,t4217),t3601))))),((((t1662,(t2107,t4651)),t2098),t567),((t1281,t2288),(t1558,((t2173,(t5912,t6106)),t4592))))),(t544,(t2754,t3529))),(t1910,t432)),(((t1056,t3604),t520),(t1012,(t4981,t6126)))),(((((((((t1377,t5673),t5509),t5430),t2828),t3364),(t1492,(((t3024,t5523),t4718),(t3927,t5642)))),(t350,(t2094,(t3443,t5093)))),(t2236,(t4257,t5029))),((t489,t2601),(t2231,(t2966,t4077)))))),(((((((((t263,(t4271,t4865)),(t4063,(t6169,t6189))),t3965),(((((t769,t4074),t2469),(t1871,((t1915,t3857),t2268))),((t1693,(t2084,(t4522,t6043))),t2006)),((((t1258,t5873),((t3971,t6081),t5231)),(t1490,(t2343,(t2476,t5628)))),(t1300,t4909)))),(((((t1227,t5454),t5144),t2869),(t393,t5468)),((t951,t3811),((t1487,t5609),((t1545,((t3365,t4025),(((t3583,t5718),t5053),t4995))),t2986))))),((((((t201,t4206),t3704),t1057),(t547,t5348)),((t527,(t1902,t4578)),((((t896,(t4473,t5629)),t3973),t3370),(t1133,(t3753,t3841))))),(((t4357,t362),t3399),(t2728,t4702)))),((t86,t2934),((t1328,t3051),(t2312,((t3352,(t3655,t4680)),(t3538,t4857)))))),((((t999,t3473),(((t1750,t5699),t5410),(t3257,t4372))),(t1065,t3647)),((((t202,t5289),t3677),((t1886,(((t2905,t6186),(t3534,t4117)),(t3248,t4610))),(t4471,t5522))),(((t1510,(((t3075,t5562),t3742),((((t3845,(t5521,t5544)),t4514),t4213),t3522))),(t2322,t4679)),t2262)))),(((((((t188,t5443),(t3002,((t4319,t6066),t5659))),(t2620,t5269)),((t1712,t2551),((t1832,t5359),(((t2159,t5267),(t2203,t3438)),t1844)))),(((t986,(t3979,t4933)),(t3657,t5341)),(((t1931,t2968),(t2926,t3847)),(t2742,t4366)))),(((t486,(t3923,t5334)),t3678),t2685)),(t761,(t1833,(t1412,t4321)))))),((((((((((t117,t4466),(t2492,t3597)),(t607,(t1785,(t3515,(t2040,t4914))))),((((t351,((((t327,t3557),(((t2641,t5175),t4874),t3645)),t2506),(t1649,(((t1737,t6018),t4913),((t3498,t5077),t3686))))),((((((t189,t3762),t3430),t3305),((t2873,t5864),t3546)),((t2645,t4370),t4136)),t2075)),((((t949,t5419),t4824),(t3385,t4997)),(t2122,((t3140,t4749),((t4406,t5112),t5154))))),((t483,t3444),t1475))),(((((t742,(t3904,t6035)),(((t2295,t5986),t4699),t2549)),((t1119,t2786),(((((t954,t4200),(t3304,t4829)),(t2216,(t3085,t6133))),((t1989,t5703),t4513)),(t1505,t1578)))),(t1256,(t1813,t5508))),((t413,(t4440,t5723)),(((t927,((t4228,t5514),t5055)),t2614),((t1035,t4170),((((t1113,t4658),t3639),t1504),(((t1141,(t3265,t4159)),(t2384,t5615)),t1631))))))),((t68,t808),(((((((((t1286,t6177),t4588),(t2592,t5224)),t1939),(t1525,((t3961,t4389),t4359))),((t1066,((t1952,((t2948,t4991),((t4798,t5796),t5526))),(((t2194,t6065),t4974),t4222))),t1205)),((((((t530,t4039),t2245),(t2277,t5690)),((t1797,(t2557,t3237)),((t1945,t6175),t6129))),t1277),t3004)),(((t287,t4383),(((t781,t3518),((((t1259,(t4554,t4755)),t2598),t2208),(t2016,t6152))),(((t1851,t5967),(t2744,(t2830,t5399))),(t1620,t5889)))),((((t1086,((t4849,t5349),(t4957,t5953))),(t4432,t5309)),((t1804,t2888),(t2009,t5696))),((((t1398,t3661),((t2994,t4912),(((t3602,t5667),t5451),t4281))),((t2031,t6172),t5961)),(((t2025,t4963),(((t1815,t5463),t2987),t2956)),t1979))))),((t867,(t1134,t1022)),(((t223,(t4661,t5905)),t2214),(t1453,t4671)))))),(((((t523,t2367),(t3933,t5592)),((((t271,t5130),t2977),(t1376,t5824)),((t906,t5481),(t2191,((t2749,t5090),(t3474,(((((t4360,(t5607,t6140)),t5183),(t5125,t5427)),t4811),t4793))))))),((t1498,((t846,(t4782,t5885)),t4666)),(t1245,(t3363,t5484)))),(((t218,(t3278,t5195)),((t1023,t6119),(t1699,((t1726,t4944),(t2058,t4607))))),(t1127,(t712,(t1697,(t1976,t5821))))))),(((t47,((t1630,t3600),t3562)),((((((t360,t5475),t3750),t1865),(((t806,t4247),(t2052,(t2350,(t2550,t5875)))),(((t1775,t6137),(t5425,t6138)),t3981))),(((t777,(t3482,t3520)),t3099),t2489)),((((((t2363,t4135),t2703),(t2603,t3876)),(t1076,t6003)),((((t923,t5978),(t4078,(t4655,t5748))),t3672),((t1469,(t3031,(t3205,(((t3266,t5836),t4747),t3434)))),t2651))),(((t911,t3831),t2595),(t1496,t3699))))),((t83,(((((t1995,t3393),(t3243,t5936)),t2413),t2271),t2085)),(((((t549,t5747),t3457),(t2572,((t3327,t4949),t4071))),(((t1140,t4260),((t4030,t5888),t5710)),(t3236,t4690))),((t1144,t4517),((t818,t3253),(((t3666,t4338),(t4422,t5165)),(((t1937,t5010),(t4885,t5817)),t2885)))))))),((((((t294,t5094),((t400,t5753),(t1338,(t2008,t2913)))),(((((t1260,(t1670,(t1988,t5213))),t3335),(((t900,t6005),t4891),t4512)),t340),((((((t1152,t6168),(t3008,t5494)),(t4011,t5355)),((t621,t4549),(t2738,t5666))),(t471,(t3955,((t4670,t5931),t5360)))),((((t1451,t5287),t1236),t626),(((((t1058,t2797),(((((t2362,(t3681,t5683)),(t3107,t3477)),t3094),((t2528,t4451),t2845)),(t2490,t4776))),(((t2790,t4692),t4347),(t3494,(t3622,t3766)))),((t1683,t4211),(t3314,t5499))),(t1079,(((t1153,((t2115,t3544),t2791)),(t1282,t3939)),(t1204,(((t3355,t3870),t2591),t3119))))))))),(((((t3240,t3786),(t4510,t5706)),(t2223,t6181)),((t802,t4345),t1455)),((((t1717,(((t2170,t5750),((t3139,t6147),t6121)),(t2883,t5991))),((((t771,(t5373,t5925)),(t3047,t4489)),(t1876,t3735)),((((t1978,t3829),t2540),(((t918,t5170),t4410),t4186)),((t1524,t5725),t5403)))),((t698,t5046),t2917)),(((t2446,t3472),t423),t879)))),((((t197,t5938),t2922),(t1384,t3852)),((t1460,(((t590,t5563),t3548),((t2903,t5944),t5416))),t789))),((((t318,t4129),(t3109,t5531)),((((t656,(t2699,t2980)),t1168),(t1089,t5364)),t1595)),(((t578,t4423),(t2937,(t3383,t5861))),((t1669,t3864),t1873))))),((((((((((t496,(((t2781,t3373),t2981),t2789)),((t2420,t5283),(t3909,t6112))),((t2285,t5719),t3062)),(((t3258,t5379),t1579),(t1999,t5993))),(((t39,t3470),(t2650,(t5192,t5408))),(((t4368,t5845),t1145),(t2105,(t2708,t3422))))),(((t770,((t3524,t4992),t3574)),(t1241,(t1503,t5595))),(((((t240,t5579),t5272),t5003),t3381),(t3263,t5232)))),((((((t103,t3871),((t3217,t6182),((t4244,t4841),t4819))),t1404),t501),((t2474,(t4273,t6010)),(t3824,t5668))),((((t192,(t5202,t5721)),(t3962,(t4477,t5776))),(t1711,((t3619,t4796),t3414))),((t587,t4581),((t1733,t4790),(t2360,((t3369,t5560),(t4693,t5828)))))))),(((((((t438,(t3885,t4470)),(((t1443,(t2519,t5981)),((t2424,t5788),t4208)),t2310)),(t1333,((((t3589,t5205),t4633),t3921),(t1386,t4613)))),(t627,((t3090,(t3636,t3749)),(t2793,t4707)))),((t940,(t1183,t4902)),((t1138,t2306),(t1627,(t4965,t5420))))),(((t264,(t1796,((t2280,t4105),(t3848,(t4252,t4401))))),((t1552,(t4007,t5081)),(t1966,((t2448,t5460),t3849)))),(((t1096,t5661),t5242),((t2361,t4314),t4256)))),((((((t3658,t4084),(t3664,t4354)),(((t981,t5056),t3942),((t3752,(t5051,t6040)),t3442))),(((t445,t4897),(t2335,t4683)),t1707)),(((t511,(t3249,t5653)),(((t1802,t4809),t4111),t3899)),(((((t858,t4527),(t3451,t3992)),(t3216,t5137)),(t3186,t6166)),t2299))),((((t618,t5197),t3554),t1795),((((((t750,t5199),t4552),(t4550,t5536)),(t4374,t5461)),t3792),t3379))))),(((((((((t1880,(t2078,((t3535,(t5762,t5994)),(t5368,t6021)))),t44),t1491),((((t1438,t5826),t5601),((t4070,t4631),((t4792,t5650),t4937))),((t1940,t3995),t2804))),((((t1276,(t5040,t5088)),(t2947,t4618)),((t1486,(t4930,t6004)),t2569)),t1793)),(((t975,t5078),(t1820,(t2196,(t2300,t3437)))),((t1292,t5332),(t1302,t1465)))),((((t1580,(t4388,t5590)),t2816),(((((t1170,(t3454,(t4590,t5968))),t3432),(((t1852,t4551),(t3594,t5182)),t1887)),(t1299,(((t2398,(t4602,(t5382,t5916))),t3819),t2697))),(((((t2740,(t3757,t5687)),t2777),t3050),(t2150,t5421)),t1208))),t273)),(((t1547,(t1762,t5617)),(((t809,((t2807,t6032),(t4381,t5634))),((t2303,t4377),(t3347,(t4421,t4431)))),t3021)),((((t870,((t1625,((t2030,((t3455,t6116),t4427)),((t3246,t4523),((t3952,t5903),t4815)))),t1996)),(t2857,((t3469,t4445),((t3491,t5971),(t5490,t5612))))),(t1146,t1882)),(((((t885,t4615),t4452),t4255),t3860),(((t2649,t4193),t3545),((t3331,t5393),(t3698,(t5228,t5237)))))))),((((((t3067,t5979),t3309),t1760),((t3110,t864),(t1934,(((t3026,t3377),t3182),t3112)))),(t546,t4630)),(((((((((t482,t3539),(((t2102,t3291),t2555),(t4802,t4911))),((t1202,(t4232,t5293)),((t4196,(t4419,t6096)),t4270))),((t854,t5811),t3773)),((t1332,(t2575,(((t4801,(t6068,t6092)),t5865),t4929))),((t729,t5625),((t1908,t3701),t2327)))),((t844,t2441),t2640)),t2746),((t239,t4344),t3178)),(((((t97,t2622),(t1176,t3739)),(((t1387,(t4310,t5728)),(((t1761,(t3376,t4174)),t2584),(t2525,t6151))),(t1725,t4950))),((t758,t4941),((((((t2400,t5937),t5336),t5304),t803),(t2087,(((t4020,t5990),t5729),t4215))),(t1499,(t2219,t5099))))),((t384,t4408),(t2563,((t3184,t4644),t3710)))))))),((((((t26,(t3770,t5973)),((t1827,t5768),(t1894,t3042))),((t1571,(t4316,(t5174,t6120))),((t2989,t5964),t2996))),(((t887,t4322),t3974),((t2202,((t3696,(t4397,t5057)),t4032)),t2210))),(((t697,t2820),(t2421,(t2316,t5713))),(t1098,(t2893,t4814)))),((((((t446,t6008),t5597),t3490),(t1373,t5140)),((((t703,t5972),((t2104,((t3130,t4971),t4771)),((t2461,(t2727,t4304)),t3030))),((t1746,t5462),(t2737,t3768))),((t701,t4266),t3196))),t326))))),((((((((t708,((((t1612,t5519),t3883),t2328),((t2169,t3197),(t2808,t3572)))),(((t2637,t5559),t2390),t2726)),(((t1560,t6024),t3342),((t2993,t4603),(t3344,(t3823,(t4735,(t4847,(t5181,t5610)))))))),t52),(((t1440,((t2092,t4621),t4561)),(((((t1597,t5857),t5608),(t5023,t5806)),(t4968,t6167)),t2627)),(((t1201,t2985),(((t2647,t5830),t4297),(t3877,t5652))),(((t1623,t5922),t4582),t3977)))),((t2921,t5380),t3772)),((t236,(t677,((((t835,t4285),t2610),t2184),(t2114,(t2249,((((t2843,t6145),t4267),(t4000,t6150)),(t3519,t5276))))))),(t339,(t2522,t2289)))),((((t488,(t5444,t5692)),t1067),(t524,((((t662,t6082),((t2678,t5432),(t4145,((t4639,(t5390,t5726)),(t4676,t5803))))),(t865,(t2034,(t3389,t4587)))),((t766,(t5472,t6163)),(((t1002,(t2571,(t3530,(t4087,(t5891,t5896))))),(t1853,t5452)),(((t3046,t5593),t5983),(((t1954,(t3966,((t4706,t5013),t4751))),t3617),t3003))))))),(t216,(t5164,t5895)))))));
data/birth_death/5000/model_trees/bd.3.model_tree	data/birth_death/5000/dcm_source_trees/100/bd.3.source_trees	4.344737529754639	3.9499999999999997	0	0	1.0	0	0	1.0	(((((((((((((((((t522,t2520),(((t2383,((t3911,t4085),(t3949,(t4024,t4363)))),t2804),t1757)),((t2779,(t2865,t5693)),(t3140,t5834))),((((t633,t5694),(t5424,t5863)),t1957),((t1600,((t2879,t5425),(t4582,t4632))),t2105))),((((((t3254,t4653),((t4997,t5925),t5344)),(((t2778,t5539),(t2226,(t4105,t4558))),(((t2749,t6035),t5052),t4153))),(t1344,t3788)),(((t1721,t838),(((t1454,t5292),t2003),t1771)),(((((t2589,t4958),(t3432,t5124)),((t2604,t5458),((t3058,((t3629,t6268),t5611)),t3490))),t2005),(((t1800,t5427),t4035),t1882)))),((t558,(t4290,t5661)),((t784,(t1067,t5695)),((t795,t3746),t2173))))),((((((t856,t3168),(t2346,t4347)),(t1845,(t4804,t6223))),((t1745,(t3158,(t3250,(t5060,t5342)))),t2251)),((t297,t5987),(t2815,t3853))),(((((t611,t3163),((t2516,(t3907,(t4223,t4286))),t4773)),(t2331,(t3482,t5804))),(((((((t1001,(t5757,t5770)),(t4344,t5892)),t4201),t3043),((t2129,(t3543,(t3658,t4217))),t3285)),t1478),t3234)),(((t659,t5254),(((t4460,t2593),t3905),((t2767,t5316),t3983))),((t801,t3047),((t867,t5841),t1163)))))),((t289,t5899),((((t2118,(t4483,t5777)),t3662),(t2555,(t4700,((t5068,t6247),t5118)))),(((t2302,t6087),(t3901,t5870)),((t2307,t3460),t2588))))),((((t2159,t4496),t2327),((((t398,t5433),(t2092,t4815)),t3096),(((t1405,t5462),((t3768,t5578),t4998)),((t2179,t4500),t2858)))),(((t362,((t3606,t6063),t5589)),(t1073,((t4199,t4618),t4556))),t1260))),((t158,t5328),(((t369,t3375),t1975),t1599))),(((((((t750,t4078),(((t958,(t3365,t4941)),t3095),(((t997,t5747),t2597),((((((t1028,t6188),t5242),t4656),t4208),(((t1439,(t3394,t4339)),(t3269,t5817)),t2389)),(((t1404,t4678),(t3594,t4591)),(t2400,(t3203,(t4762,t5380)))))))),(((t538,t4220),(((t1872,t5513),((t3148,t4204),t3626)),((t2587,t6201),t4843))),(((t946,((t2781,t5408),t5171)),(t2078,(t2140,t5286))),t1786))),((((t237,t5428),t1550),(((t1320,(t4621,((t5267,t5768),(t5365,t6007)))),((t3649,t5223),(t4494,t5617))),t805)),(((t666,t4515),(t3549,t4814)),(((t847,(t2083,(t5775,t6146))),(((t3424,t5643),t3748),t4130)),(t2658,t3924))))),t370),((t1100,(t219,t5738)),(((t848,t2776),((t1749,(t2429,((t3497,t4714),((t3524,t5964),t5528)))),((t2160,(t4620,t6026)),t3921))),((t1136,(t1316,t3824)),(t1137,t4300))))),(((t1247,t5557),((t678,t4419),t1738)),((t2518,t2757),(t2532,(((t2565,t4893),t2819),t2707)))))),(((((t329,(t4083,t5423)),t3806),((t1798,(t4507,t6170)),(t2715,t3262))),((t1963,((t5633,(t5831,t6116)),t5709)),t2834)),((((t609,t5209),(t1842,(t2203,t2843))),t846),(((t2072,(t744,t5559)),(t1170,t5720)),((((t932,t6174),t2694),((t1808,t5657),((t3822,t6056),t3993))),(((t933,t5434),t2153),t1328)))))),((t568,t4820),t2828)),(((((((t2308,t6242),t5347),(t51,(t4340,t5224))),((t1150,t3359),((t2246,(t5691,t5938)),t3146))),(((t285,((t1229,(t4023,t5067)),t2967)),((((t1161,t4789),(t4458,t6276)),t2368),t1728)),(t936,(((t2060,((t2120,t6061),t3506)),((t2829,t5854),t4864)),(t1059,t1971))))),((((t227,(t1908,((t2852,(t3951,t6054)),(t3230,t4619)))),((t866,t2832),(((t966,t5727),t3219),t1623))),(((t357,(t2025,t4877)),t983),t610)),((t349,t3897),t1931))),(((t913,((t248,t6275),(t3938,t3959))),(((((((t90,t1530),(t1928,(((t2176,t4970),((t3623,t4986),t4759)),(((t2311,t5238),t3961),t3553)))),(((((t389,t5893),t5489),(t4865,t6168)),(t2158,t2912)),t1575)),(t355,((t2929,((t3485,t5511),t5418)),(t3363,t5481)))),(t172,(((t2075,t6193),t4954),(t2456,t5031)))),(((((t4570,t4693),t3886),((t3414,t4899),(t4278,(t5172,t5704)))),(((((t1463,t5961),((t1503,t5475),(t3129,t6191))),((t372,t5616),((t4052,t5856),t5717))),((((t2906,t1286),t2524),(t2512,(t3145,t4361))),(t2143,t2270))),((t1217,(t3960,(t4192,(t4256,t5668)))),t2789))),((((t233,(t4303,t5880)),(t1510,(t5005,t6081))),(((t1335,(t4109,t4459)),t3213),((t2956,t4378),t3287))),((t758,t4118),(t2271,t2151))))),((((((t363,t4842),t4538),t2796),((t919,((t2721,t5764),(t3436,t3699))),((t989,t5154),(t2068,((t2983,t5955),((t4777,((t5063,t5364),t5101)),t4991)))))),(t667,(t2067,t5092))),(t134,(((t2266,(t2547,(t5381,t5866))),t2355),t3156))))),(((t287,(t1242,(t1544,((t3686,t4626),(t3952,t5397))))),((t313,(t6049,t6214)),t2712)),((((((t358,(t2930,(t3777,t4387))),((t2734,t5080),t3071)),(((t2530,t4735),(t4092,t5581)),t3093)),((t2515,t5825),t3694)),(((t1819,(t4811,t5679)),t4200),(((t3781,t6037),t4503),t3955))),(((((t3627,t4793),t4559),((t3089,t3583),t3505)),((t2733,t5496),((t4965,t5470),t5057))),(t1149,t5391))))))),(((((((((t1266,t5677),t4486),(t3635,t3774)),(t1929,((t3076,t4316),(t3867,t6244)))),(((t1862,t5482),t428),t1346)),((t319,(((t2055,t4711),t2354),t2241)),t1967)),(t163,((t253,(t625,((t1133,t5033),((t1445,(t4252,(t5797,t6183))),(t2273,t2883))))),(((((t267,t4174),t3946),(((t980,t5839),(t2994,(t3504,t5914))),(t4424,t5062))),((t831,(t2097,(t3834,(t3970,(t5298,(t5978,t6243)))))),(t1767,(t3744,t5150)))),((t1219,(t2578,t5285)),((t542,t5219),(t2131,t2889))))))),((((((((t185,t6194),(t4156,(t5334,t5553))),(t1140,t4351)),t651),((t331,(((((((t2139,t6272),t6108),t5867),(t4506,t6033)),(((t3097,t5549),t4603),t3796)),((t2977,t4449),t4075)),(t3428,(t4440,t4741)))),(((t632,(t4115,t4912)),((t1303,t3803),(t1691,((t1939,t5690),(t3724,t5996))))),((((((t1341,t4908),t3802),t2939),t1871),((t1572,t6154),t4979)),t2494)))),(((t288,t4832),(t2833,(t5558,t6198))),((t998,(t3776,t4794)),(t2385,(t2709,t5494))))),((((t167,(((t836,t2230),(((t2150,t5069),t4816),t3954)),t1647)),(((t747,(t4421,t4883)),((t2388,t5336),((t4054,t6127),t5204))),((t797,t4474),t1812))),((((t780,t5847),t5382),((t646,t4014),t3152)),(((t892,t1342),(t1461,((t2200,t6231),t4518))),t3617))),(t628,t2430))),(t86,(t3998,t5890)))),(((((t1672,t2329),t104),(((t2882,t480),(t1888,(t4067,t3719))),(t3996,(t4326,(t4551,t5259))))),((t454,(t2802,t5862)),t1281)),(((t1409,(t4197,(t4676,t5940))),t938),((t5388,t5607),t3713))))),((((((((((t45,t3663),(t3193,t6044)),((((t3059,t5371),t4435),(t3579,t5453)),((t3527,t4767),t3755))),t1961),(t2798,(t1556,t5430))),(t1434,t5139)),((((t657,t4977),(t4190,(t5624,t5743))),((t3427,(((t4764,t5745),(t5095,t6021)),t5000)),t4151)),(t3423,t6158))),((((((t221,t5280),(t3326,t5701)),(((t2754,t5662),t5290),(t3832,(t4450,(t4743,(t4831,t6153)))))),(t2740,t5017)),((((t577,t4886),t3795),t2441),((t1475,(t2849,t5614)),(t1418,t2182)))),((t119,t3732),((t2725,(t2984,(((t4596,t5811),t4937),(t4282,t4913)))),((t3605,((t3900,t6138),t4686)),t2957))))),(((((((((t509,(t863,t3820)),(t526,t1291)),((((((((t305,t4356),t2901),t2479),((t451,t6190),(t1397,(t1854,((t2797,(t5108,t5672)),t4866))))),((t401,((t2803,(t3164,t5188)),(((t2946,t5922),t4760),(t3969,(t4209,t5888))))),(t1031,(((t639,(t5345,t6164)),((t2747,t5400),t4207)),t2386)))),(t224,t3367)),(((((t294,(t3685,t3690)),((t2594,t4613),(t3714,((t3831,(t4857,t5357)),(t4647,t4848))))),((t683,(t970,t4433)),((((t743,t6155),(t4754,t4962)),t4630),(t1263,t5476)))),(((((t600,t4859),(t4414,(t4807,t5203))),t4562),t1536),t968)),((((t555,t5310),t3392),(t714,(t3688,t3929))),(t570,t4922)))),((t431,((t1072,t5879),((t1249,t5853),t5003))),(((t1658,((t3005,t4222),((t3410,t4765),(t4416,t5714)))),(t1237,(t2591,t5422))),((t4241,t5441),((t3237,t6258),t4892)))))),(t81,((((t729,t5997),t3866),t2163),(t1417,(t3766,t4726))))),((((t102,((t2620,t5493),t4648)),((t2096,t4993),t3479)),((t524,(t2171,(((t3245,(t4152,(t5886,t6112))),t4022),((t3538,t5368),(t4624,t6235))))),((t2099,(t2825,(((t3956,t4465),t4367),t4076))),(t2184,t4386)))),((((t419,t3103),t1401),t765),((t447,(t2553,t3650)),((t2450,t4098),t3421))))),((t384,(((((t3155,t5071),(t3709,t3739)),t5525),(((t4772,t6032),t5522),t2800)),(((t2521,t5688),t4231),t3306))),(t94,t3990))),(((((t1770,(t3793,(t5339,t6011))),(t2438,t5432)),t3725),(((t809,(t3842,t4018)),(t697,((t4060,t5404),t4641))),((t1430,(t1194,t4753)),(t955,t4719)))),(((t665,((t2079,((t2923,(((t4730,t5954),t5379),t5265)),t4444)),t2169)),((((t3518,t5575),t4792),t3835),t2431)),(t1571,t3090)))),((((((t943,t4539),t4101),t2765),(((t1590,(((t2764,t5536),t4636),(t3236,t4493))),((t2315,t3339),t2347)),(((t1664,t5656),(t4541,(t4589,t5712))),(t1856,t5142)))),t807),(t2,(((t543,t3898),t3312),(t918,t4227))))),((((t40,(t4066,(t4301,t5651))),(t3628,t4959)),((((t1234,(t6196,t6263)),((t2035,(t3400,t4275)),((t3979,t4780),t2108))),t1996),t1506)),(((((t175,((t2864,t3982),t3195)),t2432),t1269),((((t502,(t3126,t5004)),t2023),(t1628,(t3133,(t3829,t4746)))),(((((t1450,t1903),t1698),(t3266,t4371)),(t1901,(t4331,(t4824,t6156)))),t1097))),(((t637,t5359),((t1400,t4960),((t2063,t5377),t3238))),(t1394,t3926)))))),((((((t3492,((t2971,((t4880,t5649),t5043)),t5911)),t2485),((t486,((t2447,t904),((((((t1773,t6163),(t2739,t3875)),(((t2452,t5758),(t4699,t5042)),(t3804,t5732))),(t2416,(t4348,t4801))),((t4002,t5664),t4362)),(t984,(t2886,((t3157,t5627),t5053)))))),((t1846,t2309),t2938))),((((((t306,t3214),(((t4402,t5106),t4614),(t3638,(t4212,t5439)))),(((t2667,t4411),t3522),((t3328,t4520),t3887))),(t2039,(t3493,t5235))),((t1494,t3376),(((t1811,t5696),t5087),t3848))),((((((t529,t5018),t4677),(t4176,t5636)),t1986),(t5461,(t5640,t6025))),((t1813,t6150),(t3026,t4710))))),((((t870,t5861),((t3474,t5039),t4084)),((t2280,t4284),t3062)),(t1433,t2860))),(((((t203,(((t3610,t1751),(t2934,t5294)),((t1769,t4778),(t3067,((t3395,t5737),t4634))))),((t1364,(t3350,((t3566,t4847),t3872))),t1372)),((((t459,t2686),((((((t995,t6262),t2931),t1932),(t1914,t4090)),(((((t1451,(t2301,t3573)),t2248),((t1851,((t4430,t6121),t4689)),t4312)),(t2087,((t3166,t6162),t3923))),t1374)),((((t1014,t5159),(t4308,(t4990,t5283))),t3416),((t2069,t3645),(t2875,t4549))))),((((t711,t3516),(t3073,t4949)),(t1837,(t4305,(t5317,t6189)))),(((t1192,t5990),(t4682,(t4943,t5010))),t3847))),((t681,((t1750,t5586),t4862)),((t2465,((t4311,t5296),t5089)),t2089)))),((((t38,t5506),(t1421,((t1735,((((t4198,t6209),t6053),t5618),t4592)),t3499))),((((t865,t5202),t3422),t1794),(t954,(t1115,t3224)))),((t245,t4021),((t647,(t669,(t3794,t4833))),(((t1347,((t3125,t5277),t4547)),t2240),((((t1910,(t4280,t4881)),t3827),(t3587,t5114)),t3567)))))),((t131,t731),(((((t660,t4978),(t2513,((t2839,t4564),(t3865,t6098)))),t2319),((((t2921,(t3850,((t3856,t6240),t4297))),t3356),t4571),t1896)),((t273,t4475),((t2474,t5821),((t3572,t4660),t4377))))))))),(((((((((((((((t1343,(t3845,t6071)),((t2412,(t2766,(t4268,t4889))),(t2491,t3111))),((t2328,(t5973,t5974)),((t2607,t6057),t5583))),((((t1760,t5976),t4485),(t3561,t4319)),t3438)),(((t1528,t4046),((((t2261,t5375),t3576),t2548),t2217)),((t3514,(t4906,t5115)),t3000))),((t1947,(t2422,t3928)),((t1955,t2533),(((t2437,t3994),((t3373,t6099),t4277)),(t3314,t5378))))),(t485,t5795)),(((((t439,(t2664,t4907)),t2123),(((((t1471,t5535),t3997),t3178),t2910),t3976)),(((t869,t5403),(t2731,t3204)),((t1214,t5234),(t2444,((t2605,t4988),(((t2649,t5815),t5629),((t2750,t6111),t4375))))))),(((t553,(t3481,t3765)),(t2064,(t3761,t5181))),t1844))),((((t392,(t2178,t3031)),(t1274,(((t1524,t5133),(t2836,(t3757,t4818))),(t2066,t5502)))),(((t196,t2206),(((t1339,t4740),t4717),(t1933,((t2335,(t4388,(t4524,t5832))),t2484)))),(t1085,(t2352,t5798)))),(t390,((((t2345,t5315),t4298),((t3716,t5810),t3963)),(t1527,t2295))))),((((t1301,(((t1762,t5765),((t3737,t5184),t4295)),(((t3177,t6102),t5936),(t4216,t4837)))),t3654),((t830,(t2415,t3107)),((t1595,(t2997,t5256)),t3860))),((t501,(t4262,t5800)),((((t732,(t2213,t5799)),(t1559,t4583)),(((t1412,t4884),(t4233,t5941)),t2863)),(((t2569,(t2735,t3841)),t822),(((t1462,t4150),(t3858,(t5088,(t5518,t5641)))),t1874)))))),(((t341,((t1227,(t4042,t6241)),t3342)),(((t420,(((t1877,t5958),t5103),t3539)),(t1120,t2820)),((t886,((t2351,t5985),t3880)),((t2408,(t4175,t4879)),((t2961,t4605),(t3006,t6017)))))),(((t448,(t4320,t5504)),(t1103,(((t1727,t5293),t2726),t2878))),((t589,t4728),(t2232,t4429))))),((((t98,t6019),t5271),(t4140,t5457)),(((t182,t3141),t2861),(t212,((((t1338,t4395),t4080),((((t4445,t5778),(t4542,(t4715,t4852))),t3636),t3003)),((t1574,(t1904,t4010)),(t1283,((t2480,t4800),((t2793,(t3965,(t4366,t4931))),((t3940,t5988),t5517)))))))))),(((((((((((((t854,t5351),(t2472,(t3345,t4127))),(t2034,t5572)),(((t1129,(t5300,t5542)),t4705),((((((t1490,t5164),t3789),t3092),(t2991,t3904)),t2671),((t2106,(t5228,t5610)),(t2774,t2958))))),t291),(((t700,(t1883,t3935)),(t1068,((t1095,(t5044,(t5131,t5889))),(t3151,t4158)))),((t859,t6206),((t1952,t6000),t3437)))),((((((t559,(t3693,t4891)),(t3364,t3179)),((t3083,t5967),t5245)),t2606),((((t1123,t4917),(((((t3692,t5700),t5622),t5435),t4757),t3943)),(t2391,t3483)),(((t1540,(t3775,t4545)),((t2320,(t5585,t6113)),(t2337,((t4512,t6120),t5858)))),(((((t2288,t5211),t4594),t4514),(t3957,(t4919,t6227))),(t2633,t3556))))),(t613,((((t3899,t5207),t3948),t2363),t3329)))),t530),((((t864,t6217),(t2435,((t2481,t5682),t4779))),t156),(((t491,t5980),(t1179,(((t1231,((t2333,t4313),t3577)),t1748),(t1659,t5930)))),t949))),((((((t2185,t5390),t364),(t2004,((((t3478,t5801),t5145),t4666),t3691))),(((t1080,t4489),(t4309,(t5613,t5881))),((t2247,t5919),t2495))),(t926,((t2090,t4012),(((t2107,t6213),t5505),t5305)))),((t1090,t3753),(((t782,t5516),((t4446,t5962),t5451)),((t1825,t4685),(t3869,t4835)))))),((t1568,t5789),t4027)),(((((((t1565,t5185),(t4658,t4836)),(t4453,t4550)),t3028),(t61,((t3033,t5574),t4065))),(t194,(t4586,t6068))),(((((t124,t5081),t3134),((t2492,((t4498,t5320),t4774)),((t3503,t5650),(t5020,t5685)))),((t1279,t6236),((t3404,(t4357,t6072)),t4117))),(((((t359,(t4736,((t5173,t5621),(t5261,t6157)))),t3704),(t2925,t5027)),(t1788,t1213)),((((t771,t5670),(t4830,t5746)),(t3121,(t3871,t6036))),(t1165,t5906)))))),((((((t1920,t5151),((t2053,t4707),t4452)),t3387),(t2677,(((t527,t5915),(t5749,t5761)),t5153))),((t470,(t2336,(t3246,t6058))),((((t1470,(t5049,t3792)),t3456),(((t2322,(t2387,t5186)),(t4721,t6041)),(t2155,t2888))),((t1423,((t3015,(t3406,t3563)),((t2626,t5179),t4841))),t2306)))),((((t497,(t940,(t1797,(t4070,(t4504,t5175))))),(t1193,t4138)),(t239,t5436)),(t4086,t4827))))),(((((((((t423,((((t1970,t3443),(t1169,t6076)),(t511,t5008)),((((t927,t5507),t4000),(t1881,t3536)),((t1048,t5229),(((t3218,t6222),t5037),t3655))))),(((t2382,t5279),(t3310,(t4343,t6260))),((t908,(t844,(t3319,t4186))),(((((t3019,t3496),((t2689,t4930),(t3273,t5182))),(t2583,t2736)),(t1907,(((t2364,t5050),(t3785,t4527)),((t2978,t6173),t3855)))),(t1216,(t3420,t5946)))))),(((((t901,t4008),t4701),(t1043,t3844)),((t475,t1155),t705)),((t2647,(((t2698,t5264),t4992),(t2942,t4385))),(((t1233,t5711),t4639),t3707)))),(((((((((t2051,t5826),t4049),t5417),t3559),t1089),((t378,(t4053,t5960)),t2610)),((((((t1171,(((t3763,t5833),t4431),t4345)),(((((t1428,t6117),t5969),(t3371,t4025)),t2324),t2290)),t2172),(t1060,(t2321,t5923))),(((((((t931,t5814),t4505),t3740),(t2650,(t2708,t4195))),((t2401,t5445),t4697)),(((t1027,t4989),(t2396,t5349)),((t2195,t1642),(t2013,((t2111,t5412),t2675))))),((t1056,(t5567,t6115)),t3541))),((t504,(((t1134,((t3609,t5216),t4637)),t2713),(((t1836,t2786),(t2318,t6180)),((t2008,t6211),t5647)))),((((t575,t5910),t1855),(t2052,((t2807,(t3958,(t5189,t6210))),(t3917,t5710)))),t810)))),(((((((t129,t4716),(t3720,(((t4187,t6177),t5769),(t4403,t5715)))),(t2493,t6274)),(t3640,t4337)),(((t746,t5944),t4120),(((t834,(t4887,t6151)),(t2141,t5779)),((t1407,((t2272,(t3601,t5835)),((t2973,t6097),(t2975,t5201)))),((t1666,(t4170,(t4828,t5683))),((t2353,t5794),t2635)))))),(t735,((t4043,t4829),t1719))),(t1370,(((t1387,((t4748,t6079),t5760)),t4484),t3813)))),(((((((t851,(t5266,t5741)),(t1127,t3708)),(t1298,t5160)),((((t841,t6024),(t2274,t3711)),(((t1336,(t4439,t4481)),t3331),((t3838,t5767),t5603))),(t1166,t3184))),((((t748,((t2783,t5410),t5082)),t2680),(((((t2065,t4242),t3323),(t2900,t5652)),((t2104,t5326),(t3455,t5363))),((t1258,t2896),(t1697,t4543)))),(((t1687,(t4238,t5901)),(t3529,(t4923,t5576))),t2205))),(((t1509,((t1535,t5838),((t2944,t6176),t3256))),(t650,t2482)),(t957,(t2835,t5947)))),((((t310,t5932),t4600),((t1079,t5288),(((((t4360,t1357),(t4353,t4413)),t3620),(t2392,(t3767,(t4058,t5477)))),(t1584,((t4329,(t6039,t6182)),t5836))))),(((((((t760,t4205),(t3604,t5983)),t2950),t2705),((t2637,t5632),t5467)),(((t2219,t4999),((t2666,t5343),(t4478,t6166))),((t2362,t3391),(t2727,t2808)))),(((t1139,(t2947,t4380)),(t1987,t3603)),((t1607,t2070),t1991))))))),((((t165,(t4097,t5045)),t3734),((t3100,t5058),t3257)),(((t2704,t4082),((t3664,t5420),t5218)),t3277))),((((((t211,t6228),t5755),t1243),((t1211,t6129),t4224)),(((((((((t15,t5965),(t2460,t4608)),(((t2446,(t4681,t5166)),(t3147,t6207)),(t2624,t3873))),((t4099,(t4659,t5012)),(t1879,((t3723,(t5407,t6106)),t3738)))),(t1656,((t1734,t4134),(t2937,t4640)))),(t1203,t2233)),((t1065,(t3412,(t3818,t4849))),(t2279,(((t3448,t5551),t4633),((t3598,t6091),t5066))))),(((t492,t5920),t5876),t5304)),(t321,(((t1790,t5878),t5064),t4472)))),(t83,(t2871,(t2904,t5260))))),((((((t293,((t1153,(t3007,t4872)),(t2292,t3665))),(((((t484,t4159),t1972),((t1371,((t4844,t5478),(t4994,t5419))),(((t1465,t3586),(t3568,t5270)),(t2300,t3476)))),(t1000,t6216)),(t588,t5138))),(((t409,((((t3313,(t3498,t5137)),(t3309,(t4239,t6107))),t1518),(t764,(t2012,t5529)))),(t327,t2523)),((t258,t5571),t1424))),((((t127,t6110),(t2668,((t2700,(t5639,t5849)),t4895))),t1481),((t971,(t1944,t5135)),(((t1182,((t3354,t6130),(((t4646,t5991),t5883),(t5373,t5519)))),t2724),((t2556,(t4782,t4854)),t4763))))),(((((t472,(t2884,(t3868,(t4822,t5598)))),(t1223,t6137)),((t1075,((t4324,t5718),t4336)),(t3334,t4033))),(((t1441,(t3114,t6186)),(t1787,((t1959,t5891),t3217))),(t1580,t4074))),((((t3445,t614),(t1546,((t1655,((t2590,t4802),t2768)),(((t2112,t4466),t3327),(((t2810,t5722),t4798),t3741))))),((((t2772,t5146),(t3153,t5568)),t4137),t1539)),(((t1782,(t3501,t4540)),(t2525,(t3647,t4116))),(t381,t5600))))),((((t193,(t2816,t6239)),(((t779,t4107),((t2710,t4785),(t3463,t4051))),(((t4133,t6277),(t4578,(t5540,t5692))),t4236))),(((t377,t4103),t3311),(t1522,t5409))),(((((((t123,(t4996,t5472)),(t2723,t5406)),((t2046,(t4708,(t4950,t5149))),(((t2439,t5362),((t3388,t5538),(t4579,(t4771,t4888)))),t2546))),t1356),(((t1175,t4654),t3105),t1436)),(t770,t6008)),((t468,t2989),((((t2293,t4867),(t4240,t4318)),((t2018,(t3607,t5726)),((t2098,t4871),(t4718,t4796)))),(((t2029,t4691),((t2570,t5314),t5248)),t1538))))))),((t56,((t3194,(t3833,t4966)),t3571)),t974)),(((((t2818,((t2859,t5100),t3143)),(t2122,(((t2149,(t3592,(t3641,t4834))),((t3215,(t5426,(t5813,t6075))),t3846)),((t2885,t3530),t3332)))),((t1359,t3064),(((((t3643,t3823),t2399),(t3450,t5194)),(t1898,t4755)),(t2282,t4188)))),((((t113,t3718),t1084),(((((t1491,t4938),((t3459,((t4045,t5646),((t4598,t6261),t5061))),t3554)),t2691),(t2134,(t2655,((t2784,t5105),(t3591,t6095))))),((t4119,t759),t3611))),(((((t311,(t2264,t4338)),t4247),((t3201,(t5197,t5605)),(t1649,t3630))),t1385),((t1010,(t4723,t5719)),t3849)))),(((((t433,t3065),(t4468,t5857)),(((((((t503,t5606),t4905),t2847),(t2651,t5819)),(t2127,t6167)),((t1113,(t5615,t5842)),t4695)),(((((t668,t6208),t3104),t1912),t1660),((t987,t5449),t3211)))),(((t320,t5869),((t1653,t3680),t1826)),((t965,(((t5384,t6197),t5751),t5644)),t3284))),(((((((t2326,t5079),(t3258,(t3705,t6043))),t544),(t2028,(t2154,((t2514,t3857),t2714)))),(((((t1314,t5446),t5078),t3936),(t3889,t5237)),(t1573,t3945))),t1306),(((((t896,t5141),t3912),t3816),t2093),t2662)))))),(((((t317,(t1895,t2623)),(t2390,(t2542,t2685))),(t1119,((t1435,t5136),(t1823,(t2263,((t4253,(t4266,t5604)),t4257)))))),((t520,t4787),(t2676,t3183))),(t1650,(t3027,(t4851,t6254)))))),(((((((((((((t179,(((t4189,t6134),t5350),t4314)),t3884),(((t686,t6237),(t3431,(t4177,t4873))),t2370)),(((t723,((t3267,t5002),t1866)),((t978,((t1512,(t3302,t4293)),t2794)),((t1259,t5532),t4683))),(t2080,(t2894,((t4191,t4860),((t4956,t5573),((t4971,t6179),t5844))))))),t301),(((t976,t3488),t1693),((t1502,(t4454,t6212)),(t4089,((t5006,(t5515,t6059)),(t5289,t5902)))))),(((t1640,((t70,(t2197,t3335)),((t1485,(t3454,((t4004,t5098),t4733))),(t2899,(t3175,t5548))))),((((t539,(t3232,t5602)),t2254),(((t875,t1078),(((t1016,(t5007,t5785)),(t4902,t5877)),(t3366,(t4924,((t5759,t6051),t6031))))),((t1012,t6027),t4333))),(((t803,t5864),((t1189,t2214),((((t2167,t4607),t3621),(t1899,t6230)),(t1911,(t2367,((t3358,t5986),t5443)))))),(t1186,t5512)))),(((t3051,t6178),(t3619,t5346)),t356))),(((t91,(((t2177,t5599),(t5488,t6030)),(t2223,t5556))),(((t3041,(t3475,(t4580,t5628))),(t471,(((t1829,t4469),((t3206,t4650),t3243)),(t1919,((t4274,t5331),t4528))))),((t2076,t4390),t3347))),((((t549,t6101),(((t930,(t4136,t5178)),t3228),(((t1220,t2212),(t1718,((t3444,t6083),(t3574,t5912)))),((((((t1413,t5584),(t3197,(t4325,t5306))),t2824),t2496),t2190),(t2732,t5577))))),t453),(((((((t2057,t3812),t3109),t3002),(((t2813,t3906),t3646),(t3035,t3240))),((t1245,t5241),((((t2903,t5093),((t4095,t6169),(t4246,t6140))),t3544),t1366))),(((t909,t4408),(t2866,t3797)),((t1529,t5928),t4122))),((((((((t4900,t2094),((t3477,(t3618,t4162)),((t3555,t5612),t5213))),(t3429,t6055)),t2987),(t2821,t5227)),((t2100,t2761),t3981)),(t1632,t2646)),(t1547,(t4530,t5924))))))),(((((((t75,t3279),(t640,(t4215,t4288))),((((t508,t5231),t4623),(((t1351,(t1564,((t2101,((t4310,t6265),t3435)),t3301))),t1526),((t1493,((t1781,t5487),t3137)),(t3082,((t1643,t4381),t5358))))),(((t1756,t5110),(t2603,((t2862,(t3557,t4961)),((t3736,t4574),t3078)))),((((t1915,t5846),t2823),(((t1918,t4482),(((t3056,t5580),t5165),(t3407,t4805))),((t2357,t5898),t5725))),(t1622,t3139))))),((((((t352,t5534),t3652),(t3142,t6100)),(t1437,t652)),(((((t587,(t3079,(t3656,t4407))),(((t1776,t6010),t4946),t2585)),(t849,((t2162,(t3307,t4211)),t2936))),(((t840,t4972),t4703),(t2166,t4823))),((t1383,(t3382,(t5263,t5678))),(t3251,t5736)))),((((t1615,(t4169,t5697)),(t3252,(t3967,t4415))),t2539),(t1074,t4404)))),(((t277,t3457),t2043),t1467)),(((t903,t5868),t2144),(((((((t2475,t6199),(t4712,t5875)),(t4072,t4911)),t2529),(t2407,((t3398,t6184),t3673))),(t3814,t4396)),((t893,t5671),(t1384,t5730))))),((((t685,t3012),t3270),(t2831,t4781)),(((t1061,(t1066,(((t3584,t3966),(t4285,(t4846,t4921))),((t1740,t5341),((t3525,t5295),(t4261,t4948)))))),(((t2379,t2876),(t2868,t3185)),((t2500,t6252),t4652))),((((t956,t4597),t4264),t3512),t2625))))),(((((t26,t5597),t4354),((t806,t6187),(t5021,t5163))),((((t1577,t1611),(t580,((t2275,t4442),t3446))),(((t2085,t6270),(((t2567,(((t4104,t5784),t5333),t4788)),t3182),(t2268,t4839))),(t1858,(t4249,t4563)))),(((t1362,(t2024,(t2777,t5195))),t4463),(t1331,(t4915,t5498))))),((((((t693,t5402),t3249),(((t2654,t3533),t3021),t4154)),((((t2462,t6045),t5337),(t4975,(t5728,t5771))),t2527)),t2199),(t762,(t2641,t6220))))),(((((((((t1025,t3593),((t284,(t3902,t4071)),(t3439,t4210))),((t4490,(t1617,t5177)),(t986,(((t2928,(t4384,t5579)),((t3022,t5431),(t3132,t5367))),(t3170,t3622))))),((((t403,(((t3229,t6145),t4896),t4321)),(t1024,t2260)),((t541,t5791),(((t1804,t5555),((((t2775,t6185),(t4237,t4934)),t4094),t3016)),((t2222,t5253),t3661)))),(((t535,((t4516,t6125),t5796)),((t1791,t5030),t2417)),(((((t818,t5321),t4438),t3950),(((t3910,t5896),t5687),t5162)),(t2181,t5226))))),(((((t572,t6181),(t1589,t5401)),(((t634,t5471),t3055),(((t1474,(t3602,t3660)),t3174),t1633))),(t463,t1055)),(((t4369,t5894),t5251),t2245))),((((t275,t5330),((((t791,t6014),(((t3290,t6257),t5376),t4688)),(t3113,(t2425,t5249))),((((t1621,t4709),t3322),((t2278,t6159),((t3383,t5625),t3933))),(((t2102,t6074),t3025),(t2404,t3879))))),((t1592,(t1852,((t3265,(t4267,t3300)),t4405))),(((t1199,t4838),t2303),t2010))),(t110,(((t894,(((((t1761,t6119),(t3953,t4213)),t3578),(t3289,(t3968,t5809))),t3149)),((t1926,t3908),((t2210,(t3769,t6070)),t3762))),(t798,(t3633,t5130)))))),((((((t757,(t3532,t5530)),(t3066,((t3819,t5301),(t5074,t5994)))),t4358),(((((t586,(t5225,t5635)),((t603,(t5090,(t5626,t5852))),((t3165,t5372),(t5299,t5485)))),(t868,t1676)),((((t594,(t3063,(t3355,t4840))),t1386),((t829,(t1652,t1736)),t2801)),(((((t696,t5631),(t2814,(t3368,t4878))),t2699),t1695),t2615))),t4664)),((((t1110,((t560,(t4509,(t6047,t6085))),t4050)),(((((t816,t4819),t3346),((((t3207,t4738),t3989),(t3790,t6238)),(t3255,t4235))),((t881,(t5514,(t6122,t6273))),(t2544,t2959))),t597)),(((((((t477,t5934),t4292),(t3191,(t4457,(t5281,t5665)))),((t1638,t3308),(t2033,t5663))),t1507),((t776,t3675),((t2891,(t4265,t3589)),((t3276,t5788),t4673)))),((t619,t5949),t3700))),(((((t1157,t1601),((t950,((t4724,(t5474,t6248)),(t3852,t6009))),(((t2142,t6161),t4944),t2780))),((((t1785,t4180),t4091),(t2298,t3710)),(t2124,t5563))),((t1262,t5872),(t3519,t4113))),(t507,(t4031,t5324))))),((((((t350,t5793),t3086),(t1058,t5167)),((((t551,t5447),t4713),t2117),(t1833,t2890))),((t171,(t2851,t3742)),(((t4397,t2756),(t4032,t6096)),t2996))),((t1315,(t1648,(t2045,(t4933,t5531)))),(t2679,t3495))))),(((((t550,(((t2914,((t3733,t4533),t4259)),(t3136,((t3637,t5723),(t4768,t5191)))),(t1993,((t4969,t5258),t4983)))),t1147),t1106),((((t1003,t4039),t3389),t2499),(t3357,t2253))),(((((t953,(t4406,t6271)),(t3405,(t4649,t5065))),t2856),(t1960,(t4576,(t6066,t6128)))),((t1326,t4511),(t1835,((t2299,t5895),t5323)))))),(t1551,t793))),(((((t1700,t852),(((t1663,t5274),(t2969,(t4661,t4747))),((((t1831,t3896),(t3461,(t4898,t5843))),t2837),(((t3903,t2325),t4426),(t1983,(t2644,(((t2659,(t3625,t5735)),(t3369,t5952)),(t3101,t3242)))))))),((t1432,t4393),t1107)),(t1713,t1578)),((((t1032,((((t2006,t5199),(t3205,(t4932,(t4955,t4967)))),t2252),t1264)),(t1235,t1778)),(t1021,t4817)),(t1353,(t1873,t5702))))),(((((((((((t1304,(t1616,((t4112,t6226),(t4631,t4850)))),(t1255,(t4974,t6012))),((((((t676,t4263),(t4770,t5287)),t3615),(t2229,t2609)),(t996,t5543)),(((((t1644,t5455),((t3870,t5982),t4124)),(t916,(((t2857,t6124),t4692),(t4244,t6136)))),((((t1729,t4577),(((t1053,(t5587,t5950)),t5508),t4766)),(t1480,t5083)),(((((t1403,t5659),t5566),(t3808,(t5262,t6118))),t3253),((((t1444,(t3941,t4694)),((t3521,t5674),t5666)),t3199),(t2056,((t2595,(t5269,(t5440,t6126))),((t2600,t6123),t3942))))))),t1051))),(((t653,((((t1682,((t3418,t5222),t4477)),((t3223,(t5680,t6246)),(t4655,t5096))),t2613),((t2359,((t3760,t5395),t5180)),(t2543,(t2683,(t4987,t6200)))))),t1662),(((t710,((t3341,t5308),t3614)),(t1256,(t4665,t5484))),((t1054,t5076),t3190)))),(((((t1956,t4063),t4019),t1087),((t827,t3338),(t2702,t4797))),((((((t704,t3616),t3600),(t2285,t5302)),t1802),((((((t1398,t3749),t3154),((t2670,t5527),(t3851,t3914))),t3278),t1567),(((t1537,t4790),t4427),(t3489,t3992)))),((t920,t5601),t4166)))),((t1411,t3241),((t1102,t6002),t4422))),(t518,(((t467,(t1792,t5415)),(t1739,(t2410,(t2806,((t4129,t4642),t4167))))),((t1414,t5107),(t2001,((t2286,t4245),t4163)))))),(((((t547,(t2770,t3011)),t1834),(((t658,((t1152,t5596),(t1492,t4853))),(t861,(((t2722,((t4328,t5059),t5040)),(t3772,(t5802,t6232))),((t3286,t5792),t4569)))),(((((t3317,t3805),t2730),t2574),t1822),(((((t1350,t5748),(t5086,t5221)),((t1828,t4497),(t4088,t5046))),(((t1675,t6103),t5786),((t4304,t4897),(t4488,(t5322,(t5509,t5681)))))),((t1868,t4077),t2935))))),(((t2281,(t4803,t4952)),(t10,t6148)),(((t1954,t4920),t3580),(((t2805,(t5533,t6143)),t4936),t4323)))),(((t563,t3542),(t1267,t4981)),((t1208,((t4467,t6080),t4635)),(t3807,((t4342,t5416),t5282)))))),(((((t450,t6046),t5943),((((t479,(t3491,t3701)),(t2339,t2507)),((t1714,t5830),t5230)),((t3330,t4680),t4029))),t31),(t109,(t1966,t4258)))),((((((((((((t2473,t4916),((t207,(t5492,t6048)),(t5152,t5562))),(t1221,t4334)),(((t813,t5028),(t1329,((t3381,t3644),(t3171,t3862)))),((t1324,t4821),t4861))),((t812,((t1302,(t3975,t5075)),t1752)),((((t1709,t4149),(((t2459,t5332),((t2892,t5246),t4606)),((t2627,t4953),t3893))),t569),(((t2488,t6090),t1466),t2442)))),((((((((t309,(t2759,t2180)),(((t2135,t5386),(t3468,t6034)),t2316)),(t1999,t4903)),((t1566,t3244),t2086)),(t825,t3891)),((t823,t5828),t4501)),((t566,t5937),((t3325,t5903),t4601))),(((t118,t6094),(t4791,((t5554,t5953),t5594))),t2457))),((t276,(((t1520,t4028),(t418,(t5927,t6218))),(((t2506,(t773,t4722)),((t2402,t4745),t4443)),(t2009,((t2427,t6004),t4145))))),(((((t648,t5355),((t1820,t5645),(t3080,(t3344,t5212)))),((t1348,(t3124,t5327)),(t1459,(t4418,t5460)))),(t1088,((t1887,t5396),t4432))),t684))),(((t724,(t2782,(t5521,t5957))),((t876,(((t3984,t5966),(t5354,(t6114,t6224))),t2110)),((t1753,t2239),t2418))),(((((t2021,t6205),t4178),t2235),t5859),(((t850,t5840),(t5773,(t6064,t6202))),(t2905,t4110))))),((((((((((t464,t1477),(((((t1946,t5713),(t2317,t2384)),t338),((t1995,t4229),(t3018,t4769))),((((t407,t5907),t5739),((((((t1988,t4985),t4555),(t2489,(((t2652,(t4875,t5413)),t4856),((t2598,t5781),t3932)))),(((t2334,t5036),t4776),t2692)),((((t1940,t4160),(t2787,t4165)),(t2986,t3379)),((t2428,t5729),(t4291,t4679)))),((t2344,t2869),t1626))),((t1425,(t2095,(t5807,t6088))),((((t1703,t5750),t3859),(t2490,t4434)),(t2020,t4786)))))),((t1525,t4111),(t1206,t4615))),((((t461,(t2551,t5429)),((t2277,t6269),t5675)),(t975,(t5244,t5753))),(((((((t671,((t3010,t5716),t5523)),((t2380,t4669),(t3046,t3612))),t1479),((t1832,t6052),(t2911,(t3447,t5490)))),(((t902,t4750),(t1427,t3118)),((t910,((t2846,t5827),(t4462,t5669))),((((t2881,t6229),(t1766,(t3974,t5048))),((t2790,(t3507,t4372)),((t3188,t5591),t4729))),t2002)))),((((((t767,(t2116,t3408)),((t1505,t5900),t1941)),((t1180,t3526),(t1285,t5818))),t952),((t786,(t1130,t3696)),((((t858,t6105),(t2249,t4296)),t2238),(((t2895,t4534),t935),((t1176,t3798),t3372))))),((t4706,t5975),t5091))),((((t1608,t6172),(t2614,(t4214,t6028))),(t2678,t5129)),(((t874,(t4132,t5537)),t3074),(((t941,t5348),(((t3036,t4069),(t4044,t5369)),(t3581,((t4228,t6005),t5140)))),((t1287,((((t1843,(t3575,((t3632,t6171),t6062))),(t3049,(t3515,t5823))),(t2697,(t4234,(t4364,t5183)))),t2634)),(((t1377,(t2114,(t2289,t2312))),t1674),((t1345,t5148),t4910))))))))),(((((t1458,(t4355,t5215)),(t2291,t5255)),((t1562,((t3837,t5564),((t4409,t6215),t6050))),(((t2695,t3743),t3731),t3682))),(t584,t4410)),(((t1094,(t4552,t5638)),(((t2276,(t2919,t4599)),(t2550,(t2877,(t5468,t6139)))),((t2297,t3721),t2773))),(t672,(t2375,t4858))))),((((t698,t3340),t3181),((t769,(t6086,t6147)),(t3072,t3771))),(t1275,t4929))),((((t58,t4976),(t1334,t5102)),(t991,t3980)),((t2145,(((t412,(t3196,t3502)),((t3119,t3560),t3123)),(t3075,(t4061,t5411)))),t1030))),(((((((t649,t4016),((t3261,t4584),((t3268,(t5169,t6141)),(t4775,(t5389,t5634))))),(((t878,((t3944,t6022),t4218)),(t3671,t3863)),((((t1148,t5590),t4037),(t2657,(t3061,t3510))),t1360))),((((t699,t4522),t2121),((t2040,t5917),(((t3013,t5119),t4359),t2853))),(t1902,t4417))),(((((((t2244,((t3128,t5220),(t3783,t6278))),(t5303,t5850)),t483),((t3809,(((t2510,t5995),t5972),t5816)),t2622)),(t1077,((t2995,t6165),t5190))),t960),(t689,(t3401,t6040)))),(t2284,(t4332,t5963))),(t1174,(t4927,t5116)))),((((t1468,(t2645,(t3486,t5772))),t2596),(t1906,t5217)),((t3386,(t4272,t4742)),t4425))),(((((((((t200,t3920),(t2933,t3430)),(t1455,(t1731,t4096))),((((t337,(t3084,(t3613,t5689))),(t1460,(t2372,(t4492,t5051)))),((((t2656,t3517),(t2920,t5486)),(t1212,t3462)),(t1007,t3782))),t815)),((((t2443,t3413),(t426,(t3208,t5970))),((t557,t3264),(t1429,(t3034,(t3349,t5233))))),((((((t1964,(t1942,(t5013,t5047))),((t2091,(t5084,t5524)),t4461)),(t1821,(((t2022,t5480),t3449),t2434))),(t1708,t5754)),((t1847,t4585),(t3451,(t3800,(t5774,t6133))))),((t872,t5776),t5491)))),(((t590,t2660),((((((t3176,t5905),(t4573,t3977)),(t3590,(t4560,t6203))),t3038),t2531),((t1779,t4470),t3634))),((((((((t1044,t4400),(t3878,t4057)),t3830),t3826),((t3624,(t5014,t5483)),(((t4148,t5335),t4894),t4172))),(t2738,t2974)),((t1688,(t4568,t5085)),(((((t1978,t5156),((t3791,t5971),((t5243,t6089),t5999))),(t3676,t5208)),((t3523,t5933),(t4182,t4519))),((t2941,(t4725,t5977)),t3697)))),t1141))),t99),((t144,((t3679,t5437),t4081)),((t180,(((t2313,t6135),t4365),t2378)),((((t692,t5214),(t4106,(t4925,t6266))),(((t2568,t5569),(t4625,t5812)),(t2575,t3653))),((((t1167,t5479),t3666),(t1744,(t4590,t5442))),((((t2332,t4918),((t3081,(t5495,t6233)),t3895)),(t2540,(t5459,(t5981,t6077)))),t2693)))))),((t775,t1755),t376)))),(((((t2148,t1916),t1880),t1772),((t967,((t4672,t5205),t4690)),(t2395,t4168))),((t147,(t4271,t6195)),(((t243,(t1047,t4521)),t334),(((t3684,t4341),t4595),t2216))))),(((((((((((t106,(t981,t3200)),(((((t4739,t2426),((t3552,(t4382,t5918)),t3670)),(t1953,((t4144,t6251),(t5393,t5619)))),t1363),((t1063,(((t5546,t2769),((t4171,t5783),t5394)),t3651)),(t1096,t4751)))),(((t751,t3167),(((t1310,(t2898,(t4795,(t5469,t6020)))),(t2552,(t4203,(t5454,t5829)))),t1768)),((((t3786,t3821),t1294),(t1981,t5414)),(t1897,t6144)))),((((t215,t3227),((t2077,t6249),t2573)),((((t742,t5278),((t2592,t5291),t4734)),((((t1817,(t2050,(((t3272,t6149),t4982),(t3978,t4812)))),((t1111,t5353),t3221)),((t1246,t4510),(t3057,t6018))),((((t1177,t3631),(t2146,t3390)),(t2132,t3380)),((t2130,(t5740,t6142)),(t3569,(t4273,t6109)))))),t1018)),(((t410,t2953),(t2893,(t3784,(t4957,t5272)))),(t2795,t3745)))),(((((((t166,(((t942,t5582),((t4064,t6003),t4904)),(t3399,t5808))),(((t725,((t1948,(t5360,t5897)),t3487)),((t2684,t5456),t2751)),(((t695,((t1949,t3352),t2454)),((t1168,t4495),t1202)),(((((t756,t5865),t3747),(t2458,(t3828,t3971))),(t1508,t2870)),((((t1449,t4456),t3053),((t1667,(t2661,(((t3727,(t5860,t6264)),t5708),t4315))),(t2133,(t2690,t4945)))),(t1635,t2044)))))),t490),((t2348,((t754,t6132),t2924)),t1545)),(((t460,t5721),(t2358,t5405)),((t1379,t1737),(t1511,t5501)))),((((((t656,((t4306,t4668),t4622)),(t3669,((t4667,t5993),(t5560,t5855)))),((t1542,t5370),t4629)),(t2822,(t3750,t5608))),(((t2508,t4731),t2526),t2602)),((t1238,t3471),t1707))),(t688,(((t1041,t3964),(((((((t2584,t4287),t3779),(t3520,t5041)),(t3453,t3787)),t3417),t2752),t1860)),((t1593,t4437),t3009))))),((((((t1020,t4226),(t2397,t3570)),((t1746,t4125),t2630)),((((t2538,t5806),(t5450,t6092)),t4221),(t3915,t5196))),(((t2424,t5147),t3698),t2536)),((((((t663,t4389),t1517),(((t1209,t4251),t2976),((t1726,t4566),t3726))),(((t679,(t1105,(t3409,t5054))),((t802,t1402),((t898,(t4657,t5125)),(t3825,t4845)))),((t687,t4617),((t1704,t2631),t1950)))),(((t1071,t5015),((t2170,t5503),((t4964,t5520),((t3274,t3780),t3754)))),(((t1605,t5544),(t5398,t6221)),(t3187,t5724)))),((t2601,t5257),(((t661,t4420),(t4015,(t4100,t4863))),(t3962,t5762)))))),((((t154,((t1521,(((t2218,t6259),t3939),(t3467,t5073))),((t1553,t1968),(((((t1557,t4206),t4164),(t3972,t4885)),((t3668,t5252),t4196)),(t2792,(t2962,t6131)))))),((t2505,t3648),(((t599,(t3550,t4546)),(t2729,((((t3722,t6093),t5206),(t4868,t6267)),t4219))),(t1587,t5276)))),(t259,t6082)),(((t157,t4587),((t3303,t4909),(t4809,t6016))),((t1486,(((((t2582,t5545),t4254),(t3717,t4684)),t3674),t2743)),(t2265,t5851))))),(t2119,((t22,t4087),t3299))),(((t1015,(t57,t3275)),(((((t1684,t4005),(((t1890,t5921),t5466),t4073)),t3020),(t533,t5848)),((((t443,t5588),t4141),(((t2204,t5240),(t4248,t5072)),(t2760,t5884))),((t3226,t5931),(((t3337,t5620),t5510),t3384))))),(((((((t1004,t4565),t2999),(t1923,t6065)),(t1224,t1775)),((t644,((t824,((t2360,t3770),t2642)),((t832,t3085),(t1824,t5658)))),(((t752,t6015),(t2138,t2948)),t843))),((((t3513,t3987),t4995),(((t1284,t3202),t2194),(((t1419,(t3099,t4727)),((t1716,t4480),(t3854,(t4330,t5642)))),(t1376,((t2998,t5268),(t4283,t5929)))))),t787)),((t335,(t4139,t5122)),((t1230,(t4307,t5667)),(t4013,t5871)))))),((((((t101,(t2350,t5366)),(t1534,(t3473,(t4017,t4572)))),(((t1416,t5123),(t2109,t2557)),((t1594,(t2522,t3222)),(t1870,(t2564,((t3271,t5820),t3282)))))),((((t385,t4984),(t2621,t5193)),(((((t1576,t4554),t3470),t3442),((t2608,(t4059,t5959)),t3343)),((t1586,t5385),t3839))),(((t1017,(t1884,(t2376,t4047))),(((((t988,t6006),t5161),t4951),t4784),t5660)),((((t691,(t5845,t6078)),(t4376,t6160)),t4161),(((t2059,(t5837,t5945)),t4874),(t4451,t5655)))))),((((t66,t4479),t4260),(((t1045,t4609),(t4269,t5025)),(t3216,t4940))),(((t264,(((t1151,((((t2571,t5948),t5592),(t5309,(t5705,t5787))),t4436)),(t2137,(t3547,t6073))),t1598)),(((((t1196,t5170),t2225),(t1322,t4612)),(t2081,t3052)),t1515)),(((t977,((t2234,(t5822,t6256)),t4350)),t1282),(t446,(t2455,t3888)))))),((((t52,t4935),((t670,(t4698,t5312)),((((t819,t5885),t2323),(((t1295,t5158),t2528),(t2394,(t2716,t6225)))),t826))),(t307,t3004)),((t189,((t2487,t5882),t5187)),(((t973,t5016),(t1476,(t5438,t5444))),(t1225,t6084)))))),(((((((((t342,t4869),t4696),((t2420,t5593),(t4281,t4783))),((((((t429,((((t2405,t6219),t5873),t5550),(t4020,(t4317,t4737)))),((((t1448,t4448),t3172),(t2577,t4194)),(t2305,((t3877,t6152),t5984)))),(t1138,t3540)),(((t2198,t5077),((t1487,(t4001,t4826)),((((t2549,t5698),t5653),t4531),t4391))),((t1925,t2915),((t2476,(t4662,t5001)),t3494)))),t740),(((t2228,t5731),t4581),((t1631,(t4327,t4513)),((t2202,t1905),((t1913,t5325),((t2175,t5968),(t4040,t4335)))))))),((((t1997,t1392),((t1188,t4532),(((t2504,t5956),t5198),t2952))),(t2342,(t424,t5284))),((((t1173,(t3210,t3370)),(t2785,((t2854,(t5561,t5570)),(t4299,t4471)))),((t1352,t5565),t4567)),(t1300,(t1641,(t4379,t4702)))))),((t596,(t3318,(t4007,t6279))),(t3799,t4181))),(((t269,t3681),(t2990,t3930)),(((((t1570,(t3639,(t5109,t5541))),t3150),(t290,t4131)),t972),(t739,(((t737,t2559),(t2445,t4901)),(((t1057,t3361),(t2486,(t5805,t5904))),t1989)))))),(((t186,((t1156,t3348),((t1369,(t4523,t5500)),((t3925,t5463),(t2466,t5247))))),((t512,t4611),(t1443,(t3162,t4079)))),((((t300,t5673),((t1271,t5913),((t1618,t4806),(t4704,t5070)))),((t2537,t2992),t3159)),(((t1969,t2136),((t2706,((((t3551,t5942),t4537),t4529),(t4322,t5790))),t2874)),((t1504,(t4651,t5733)),((t2381,t5056),((((t2748,t6038),(t4146,t4643)),((t3396,t5399),t4255)),t4670))))))),(((t564,t5916),(t5499,t6175)),t1415)))),(((((((((t440,(t3054,(t4279,t4939))),(((t1181,t4799),t2183),(t1661,(t1724,t4627)))),((((t536,t5874),t2880),(t716,(((t1257,t4732),t2236),(((t2461,t2745),t2082),(t1998,t3558))))),(t629,(t3169,t5926)))),(((t164,(t4038,t5686)),t3758),(t1692,(((t3060,t3729),(t3248,(t5121,t5383))),(t2115,t4973))))),((((((((t393,((t3127,t4825),t4557)),t2817),((((t1340,(t3293,t5155)),(t4761,t4882)),(t2361,t5744)),(t1378,((t2366,t4575),(t2844,(t2927,t3239)))))),(((((t664,t3840),t1841),((t1440,t4294),t3511)),(t1422,t5763)),((((t774,t2897),t2259),t1671),((t1158,t5026),((t1312,((((t2580,t6069),t4870),t3836),t3752)),(((((t1774,t5547),t5338),t5273),t5126),((t2147,(t3548,t4674)),(t2940,t3599)))))))),((t607,((((t2296,t5361),t5356),(t4155,(t4352,t5824))),t2501)),((((t1050,t5756),t4399),((t1976,((t2755,t5609),t4009)),t2561)),((t1585,t6042),t2373)))),((t469,t2042),(t4055,(t5032,t5117)))),((((((t257,t3677),t1657),((t1187,(((t2737,t5465),t4126),t3233)),(t2534,(t4370,t4810)))),(((t1131,(((t2191,t5630),t1665),t3973)),(t1317,(t1561,t4093))),(((t923,t4947),t4644),t3916))),((t1579,(((t1699,(t3362,(t4121,(t4276,t5998)))),((t2917,t5497),t5029)),(t1827,t5009))),t3042)),((t411,(t2753,(t5239,t5699))),(t1878,t4003)))),((t159,((t2913,t3484),((t2916,t5703),(t5023,t5111)))),(t1457,(((t1226,t5019),(t3186,((t4412,t6067),t5236))),((t2636,(t5297,t6029)),t3764)))))),((t103,t6001),t5035)),((((t181,t3321),t2193),t3458),((((t1272,((((t445,(t5099,t5329)),(t5097,t6204)),(t3937,t4526)),t3934)),(t993,t1253)),(t621,t3378)),((((t476,(t1293,t5200)),(t1162,t3106)),(t3295,t4813)),(t727,((t1489,t733),((((t1452,(t2031,(t1875,(t4602,t6253)))),(t1636,t4048)),(((((t1531,t5250),t3985),(t3730,t5951)),((t1945,t6013),t1958)),((t1867,(t2599,t3545)),((t1893,t4752),t4536)))),(t1484,t2502)))))))),(((((t581,(t4517,t5684)),t3715),t1620),((t808,((((t1686,t3433),t2799),t2406),(((t1859,t5319),t4758),(t4383,t5275)))),((((t925,t5939),t3874),(t3608,t6104)),((t1265,((t2842,(t5637,t5989)),(t3562,t5734))),t2413)))),(((t206,t4068),((t2330,t3811),t2470)),((t256,(t422,((t1780,(t4645,(((t4968,t6250),t5452),t5307))),t4491))),(t494,t6192))))),((((t2340,t2453),(((t1124,t5143),t1723),(t1934,t2215))),(((t598,t5935),t5352),(t702,(((t2207,t5421),(t4548,t6255)),t4455)))),(t160,t3882))))),((((t382,(((t1117,t5909),(t4232,t4476)),(t2343,(t5022,t5766)))),(t2030,t1927)),((((((t1380,t5676),t4128),(t3360,t4914)),(((t2421,t3778),t3434),((t3280,t5979),(t4102,t5707)))),((t1241,t6060),t1560)),(t1254,t2477))),((((((t624,t3087),((t2483,t5094),(t4056,(t5128,(t5706,t6245))))),(t1992,t2255)),((t1581,t3999),t2618)),((t1273,(((t1669,t5803),t4184),((t3683,t5742),(t3894,t6234)))),(t1062,(t3919,t4374)))),((t1763,t5392),t3131))))));
data/birth_death/5000/model_trees/bd.4.model_tree	data/birth_death/5000/dcm_source_trees/100/bd.4.source_trees	4.144525051116943	3.76	0	0	1.0	0	0	1.0	((((((((((((t324,t2574),((t550,(t4305,(t5464,t6103))),(t4488,(t4619,t4722)))),(((((t1830,t5019),(t4379,t5434)),((t1477,t4418),t2897)),((((t1782,t5298),(t5210,t6023)),t5052),t4517)),((t1510,(t3589,t4723)),t2619))),(((((t290,t3182),t3003),((((t1707,t5186),((t2495,t4006),((t2736,t5817),t4424))),t704),((((((t839,t5189),((t3416,(t4674,t5413)),t5208)),(t2472,(t3207,t4506))),(((t3091,t5010),t2875),t2687)),((((t992,t5675),(t4335,(t5176,(t5976,t6156)))),t3004),((t1225,(t4444,t5486)),(t2777,t5850)))),(((t1845,t4978),((t2709,t5877),t5351)),(t1165,t4898))))),((((t1371,(t2825,t2989)),(t2815,(((t4230,t5069),(t4970,t6140)),t4908))),(t2579,t4693)),(t2083,t4646))),((((t631,t3781),t2902),((t1396,((t2202,t6002),((t2916,t3995),(t3610,t3641)))),(t2155,t6144))),((t1117,t4609),(t1647,t4044))))),(((((t542,t5338),t5291),(t5016,t5091)),(t2138,(t2769,(((t3240,t5323),t4903),t3944)))),((t562,(t3943,(t4634,t5350))),t1802))),(((t217,t6028),(((((t2957,t5933),t5700),t4393),((t3773,t5627),(t4735,t4946))),((t1649,t6014),t2996))),(t2865,t5687))),(((((((((t185,(t3029,t5437)),t2892),((t654,t1861),(t1872,(t521,t4343)))),(((t672,((t2617,t4027),t3442)),((t349,(((t3100,t6037),t5644),t5581)),t1648)),(((((t332,t3144),t2563),(t2089,(t2548,t3655))),(((t1680,t964),((t1278,t4097),(((t1451,(t2998,t3027)),((t2142,t6158),(t2923,(t3123,t5715)))),t1740))),((((t1034,t5890),t3575),(t1998,((t2735,t4830),t3854))),(((t1389,t5062),((t2184,t3793),t1835)),(t1751,t2809))))),(t919,(((t3116,(t5710,t5809)),t5678),(t4367,((t5014,t5705),t5586))))))),((((t265,(((t1946,t5098),t4902),(t2218,(t4149,t5300)))),((t1887,t5184),t1464)),(((t1055,(t1994,t4697)),(t1552,t5253)),((t1663,(t3878,(t5620,t5673))),t3170))),((t310,((t4737,(t4914,t5059)),t3909)),((t809,t1491),(((t1715,(t4699,t6070)),((t1875,t5609),(t3045,((t4534,t6089),t4972)))),(t1375,t4805)))))),((((t128,(((t2114,t5565),t2831),((t2639,t5979),(t4795,t5112)))),(t1174,t2526)),t712),((((t706,(t4847,t5067)),((t1809,t3694),(((t1450,t4756),(t4621,t5147)),((t1992,(t5435,t5628)),t4673)))),((t1632,t4498),((t1341,(t3640,t4005)),((t2326,t6169),(t5828,t6150))))),(t1229,t2009)))),(((((t539,(t3373,t3867)),t3),(((((t870,t4274),(t2565,(t3330,(((t4357,t5882),t5459),t4724)))),t1335),(t2673,t4838)),(((((t689,t5697),t4537),(t3800,t4641)),(t2987,t3888)),((((t862,t4174),t2767),((t2713,t5722),t2974)),(t2348,t5265))))),((t491,t5331),t2784)),(((((t1969,(t211,t5748)),(((t1882,t5780),t5616),t2813)),t1572),(((t1423,t3797),(((t2589,t4835),t4407),t3802)),t1662)),(((t1769,t5221),((t1636,(t3161,(t2359,t4800))),t2796)),((t2966,t5536),t4793))))),((((t124,(t4873,t5774)),(((((t1045,t5335),(((t1359,t2830),((t1469,(((t1717,t4588),((t3680,t5900),t4900)),(t1952,t4572))),t1631)),((t1134,t5494),t3232))),((t941,(t2631,(t4365,t4384))),(t1827,t4631))),(((t3627,t4181),t1986),((t1494,t3063),(t2315,t3145)))),(t627,(t4589,t4956)))),(((t355,((t1676,t5606),t3482)),(t1419,t4430)),((t532,(t4085,t5571)),(t557,(t687,((t1001,t4095),(t1408,((t3086,(t5193,t5306)),t4297)))))))),(t255,t1711))),((((((((((((t1859,t3785),(t2808,(((t3764,t5398),t5352),(t3831,t6012)))),t2129),t506),t1379),(((t2571,t4404),(t2666,(t5250,t5921))),t3501)),(t1974,((t2197,(t3327,(t3607,t3650))),(t2708,t5599)))),(t865,t3277)),t103),(((t394,t5827),t5204),((((t1132,t4854),(t4325,t4868)),(t3882,t4489)),t3774))),(((((((t583,t3246),(t1213,t5530)),((t755,(t2748,t3089)),(t2051,((((t3755,t5230),(t3844,t4382)),t3767),(t3303,t5026))))),((((t817,t3866),t2480),((t1168,((t3098,(((t4096,t6036),(t5846,t6129)),(t5336,t6077))),(t3212,t5686))),t2328)),t1949)),(((t127,(t4962,t5474)),t2494),(((((t666,(t5096,(t5889,t6043))),(((t1741,t5245),t4657),(t4240,t4269))),(((t1549,((t2817,t5257),t3040)),((t2516,((t2643,((t4525,t6149),t5254)),(t3423,t3717))),((t3389,t3796),t2527))),(t1628,t5680))),t1416),((t789,(t3615,t5397)),((((t2314,t3578),t2975),((t2522,(t4084,t5218)),t4030)),(t2038,t6040)))))),(t338,(t3837,t4211))),((t79,(t543,(t1175,t2409))),((t322,t5513),(t3274,t4481))))),(((((t106,(t2746,(t3308,t5481))),t1723),(t1236,t3928)),((((t436,t5810),t5420),(t2416,(t4000,t5572))),t2196)),((t261,(t3523,t5910)),((t1606,t5630),(t2688,(t4875,t5045)))))))),((((((t675,t5212),t2730),((t1148,((t3158,t4773),t3791)),(t1526,((t3166,t4849),((t4411,t6113),t5196))))),((t1453,((t1944,t4656),t2564)),(((((t3669,t6000),t5364),(t3371,(t3414,t5269))),t3103),(t2860,t4474)))),((((t1274,(((((t2263,t5958),t5927),t5835),t5143),t3630)),(t2070,t5028)),((t624,(t2842,t5356)),t1227)),(((t1049,(t1953,(t3140,(t5289,t5619)))),((((t1081,t3422),t2839),((t2806,t5691),t4271)),((t2374,t5276),t5249))),(((t905,(t3324,t5838)),(((t1316,(t4814,(t5886,t5931))),(t2834,t4122)),(t1724,t5893))),(t1630,t3622))))),(((((((((t1331,t4049),t3494),t729),(((((((t628,(t3350,t4051)),t3474),t2776),t2702),(t2243,(t3634,(t3737,t5518)))),((t1289,(t4026,t4906)),(t3438,t4141))),(((t1131,t5455),(t2951,(t3411,t5986))),(t2801,(t4643,t5328))))),(t182,(t3858,(t5857,t5919)))),(t466,t4363)),(((((t104,t6153),(t3326,t5745)),t1881),t1661),((t156,(t4348,t4741)),(((t1567,t3599),(t3022,(t3648,t6067))),t936)))),(((t81,t5458),(t523,((t2292,t5646),t3358))),((((t400,t4004),t3667),((t1016,t5880),t3382)),((t4153,t575),t2816)))),(((((((((((t140,t4043),(t3982,t5760)),((t1892,(t2705,t4014)),(t2669,((t3017,t5914),t4639)))),(t2554,t3900)),(((((t1915,t4008),((t3018,t5858),t4717)),(t2820,t2177)),((t1284,t5735),t5144)),(((((t951,t4861),((t3289,t4888),t4819)),(t3001,t5334)),((t2886,t5649),t3884)),(((t2685,t5552),t4696),(t3890,t5868))))),(t690,((((t1560,t5039),t4077),(t2448,((t4884,t5782),t5453))),t818))),((t2303,(t390,t4487)),(((((t2023,t5871),t4509),((t3297,t4497),t4340)),t2535),t352))),(((t643,t4033),(t2621,t2803)),(t1392,t2302))),((((t377,t4618),t4323),((t1366,t6162),(t2652,((t2932,t4064),t3126)))),((((((t475,(t4768,(t5171,t5872))),(t2504,t2844)),(((t2249,t6130),t5596),t5562)),(t2020,(t2413,(t2520,t2700)))),((((t2208,t2428),((t2290,t4410),(t2903,((t3047,t6038),t4434)))),t1638),((t1893,t4637),t4081))),(t3291,(t1073,(t5217,t6101)))))),(t61,t155)),(((((((t590,t5567),t3176),((t1905,t5402),(((t3543,t5293),t5068),t4133))),(t835,(t1982,t5618))),((((t278,t2655),((((t1180,t5127),(t1936,t5772)),(t1757,t4441)),((t1773,t3325),(t1730,t3871)))),((t650,t6074),(t3293,t3425))),t481)),(((t138,t5803),t2278),((t1864,t2959),(t1158,t4328)))),(t2093,(t3993,t6078))))))),(((((((t8,((((t678,t1792),(((t1347,t5060),(t1421,(t1826,t3309))),(((t1050,(t3790,t4843)),t3196),t2618))),(((t1479,t6091),t2493),((((t908,t5934),t5781),t2230),(t2004,(t3132,t4452))))),t696)),(((t468,(t968,(((((t1141,(t3834,t4719)),(t3231,(t4224,(t4344,t5443)))),(t2570,t4901)),(t2367,t5484)),t1624))),(((t736,t5837),t3322),((t2221,t3959),t2338))),((t434,(((((t3011,t6068),t5945),t4827),t4523),t4508)),(t1355,t1749)))),((((((((t467,t5472),t4644),((t3392,(t5676,t5878)),t3778)),(t3388,t6019)),t1702),((t1167,(t2636,t5595)),((((t1357,t4938),t4744),(t1710,(t2232,t5660))),((t1687,t4889),(t2940,(t3054,(t3772,t4828))))))),(t978,t3819)),(((t518,t5358),t2926),(t1092,((t2333,t4832),t3401))))),((t173,(t1365,(t1381,(t1611,t4651)))),t2426)),(((((((t1476,(t1756,(t5296,t5607))),(t183,(t4437,t2749))),(t1012,t1215)),t283),(((((t508,(t5142,t5977)),(t2005,t3023)),(((t1640,t5344),((t5025,t5076),t2140)),(t2106,t4975))),(t4368,t4402)),((t2294,(t4879,(t5215,(t5373,t5639)))),(t3611,(t4617,t4895))))),(((t235,t5085),(((t1956,t5879),((t2887,t3243),t2330)),(t2641,((t2723,t4763),(t4659,t5811))))),((t193,(t2242,t3629)),(t2039,t2648)))),t71)),(((((((t497,t3705),t1547),((((t901,((t1798,((t3744,t4984),t4478)),(t2737,t4729))),t1746),((((((t1056,t4680),(t2914,t6033)),((t2721,(t4988,t5365)),(t3453,t4288))),((t2717,t4990),t4159)),(t3237,(t4101,t6053))),t1302)),((((t657,t5573),((((t1929,(t5044,t5990)),t4173),((t4586,t5753),t5202)),(t3736,(t4412,t4479)))),(((t1666,(t4078,t5154)),(t3024,t5541)),((((t2268,t5013),t4664),t4115),t5256))),(t1199,t2227)))),(((t446,t3512),(t2293,((t2551,t4336),t2591))),((((t1080,(t4671,t4846)),t3355),(t2137,((t2692,t5544),t3972))),((t1504,t5445),t4076)))),(((t385,((t2536,t5730),t4950)),t2360),t777)),((t55,t490),(((t4143,t120),((t1082,(t4282,t4369)),t2277)),t18))),((((((t1143,t4210),((t1926,t6155),((t2625,t5549),(t2870,((t4468,t5118),t5074))))),(t1149,(t1398,t4823))),(((t985,t5349),(t1833,((t3344,t5770),t4186))),t1023)),(((t851,((t2309,t5743),(t4632,t5761))),((t1240,t2824),(t1135,(t2178,(t3186,(t4290,t4923)))))),((((t816,t4360),t3775),t2580),(((t1173,t3787),t2068),(t1511,t5021))))),(t799,t5042)))),(((((t40,t3821),t1877),((((((t4352,t4775),t335),t1625),((t642,t6008),(((t971,t3910),t2491),(t1064,t6029)))),t1177),((((t379,t4289),t4055),((t800,(t2341,((t4559,t4629),(t4579,t5408)))),t1071)),((((t477,(t4378,t4836)),((t3554,t5638),t5515)),(t3211,t5987)),((t749,t3241),((t2963,t5367),t4993)))))),((((t381,((t826,t2843),t2253)),(((t953,t5695),(((((((t1973,t5752),t3940),(t2983,t4467)),(t3545,(t2968,(t4565,t4702)))),(t2933,(t4493,(t4648,t5421)))),((t1650,(t4691,t6175)),(t4080,t5471))),(t2605,t2855))),(t821,t4704))),((((((t309,t5423),t1589),(t2404,t5191)),((((t3130,(t4161,t4949)),(t2627,((t4086,t5905),(t4298,t4777)))),((((t1637,t6133),(t4548,t6050)),t3050),((t2642,((t3794,t5278),t4708)),(t3455,t4466)))),(((t1587,t4754),t2319),t3272))),(((((t1978,t6112),(t3758,t5542)),(((t1772,t3614),(t3424,t6132)),((((t1950,t4597),(t4516,t5116)),t3034),((t2212,t3563),t3443)))),((t1304,t3441),t2260)),((t184,((t3980,t5785),t4916)),t1506))),((((t254,t5132),t3596),t1735),((((t1191,((t2747,t4919),t3644)),(t1899,(t2492,((t2614,t5634),(t3646,t4472))))),((t918,(t4739,(t5725,t5954))),t3719)),t1122)))),(((t109,((t853,((t388,t5853),(t3698,t5665))),((t1101,(t4215,t5755)),(((t1427,(t2372,((t2763,(t4396,t5037)),((t3398,t6119),t4515)))),(t1487,(t2849,(t3569,(t5576,t5943))))),(((t1454,(t2513,((t2568,t4757),t3976))),((((t1951,t4683),(t4461,t5412)),(((t4200,t5425),((t4484,t6171),t6138)),t4420)),((t2446,(t3519,t3889)),t2750))),(((t1800,t4874),(t2529,(t2755,(t3677,t5874)))),t2209)))))),(((((t318,t4546),t4334),t2878),(((t832,t4987),((t3095,(t974,t5648)),((((t3750,((t4073,t6055),t5960)),t3044),(t2604,t5103)),(t1385,t2217)))),((t536,t5568),t2000))),(((t371,((((t2745,t5971),t4504),t4257),((t4028,t5766),t4409))),t1440),(t2510,t3014)))),((((((t39,t4592),t1917),t2245),((t801,t5902),t1098)),((((((t634,(t4179,t4682)),(t2871,t5050)),t2410),(((((t2405,(((t5252,t6157),t5719),t5694)),t4581),t3714),t3449),(t2703,t5923))),((t1901,t5650),(t3204,t4994))),(t1221,((t1475,t5642),(t3984,t4932))))),(t148,t5473))))),((((((t100,t4695),t3762),(((t1599,t5122),t4539),(t3897,t6121))),(((t1255,(t3735,t6170)),(t3071,t5012)),t2623)),((((((t528,(((t1238,t5460),((t1343,t3765),(((t3281,t4089),t3771),(t3459,(t4721,t5498))))),((((t1912,t5207),t3709),((t3458,t5379),(t4809,t5205))),(((t2234,t4483),((t4265,(t5865,t6083)),t5819)),((t2528,t6111),(t2901,t4909)))))),((t1105,((t1939,t5583),t5031)),((t1267,(((t4394,t6051),t5855),t5831)),((t1400,((t2349,((t3612,(t5075,t5822)),t4362)),((t2414,t3841),t3830))),(t1971,((t3375,t4469),(t3439,t4602))))))),(t934,(((((t1395,(t5316,(t5493,t5516))),t5271),t4709),(t2620,(t5527,(t5622,t6020)))),t1948))),(((t720,t4705),t4701),t2459)),((((t616,t5157),((t4925,t5935),(t5446,t6081))),(t2676,(t3093,t3749))),t1657)),(((t511,(t3901,(t5597,t5847))),(((t909,t5114),t4031),(t2049,t4998))),(t626,(t1524,(t3155,t3868)))))),((((((((((t450,(t4451,t5718)),t2175),((t1306,t5468),t3710)),((((((t525,t2235),(t2032,t2035)),(t1529,((t2134,(t4470,t5124)),((t3286,(t5699,t5703)),t5187)))),(((t1264,t5355),t2052),(((t1517,(t4786,(t5192,t6094))),t2881),((((t2236,t6003),(t4818,t5983)),t2576),t2549)))),(t819,((t3579,t5354),t4804))),t881)),((((((t579,t6061),t3930),(t3660,(t4338,t5966))),((((t1512,t5489),(t5200,t6017)),t3911),(t1891,t5129))),(((t1222,(t5048,t5431)),t2644),(t2403,(((t3333,t5911),t4713),t3998)))),(((t730,t6110),((((t1046,t2726),(t1799,(t2336,t3555))),((t1481,t5829),t3962)),(((t1067,(t2445,t3825)),t1509),(((t1157,t4236),t3208),(t1473,t2649))))),((t2637,(t2647,t4105)),t1020)))),(((t397,(t3936,t5214)),(t2194,t4471)),(t1196,((((t2337,((t5126,t5940),(t5727,t6154))),t4432),(t3220,t6114)),(t1627,t5195))))),(((((t568,t1474),t912),((((t718,t6042),(t4604,t6125)),(t4232,t4349)),((((t1373,((t3185,t5885),t3547)),(t1854,(t4023,t4054))),(t1493,(t2430,t2888))),t1470))),(((((t739,t3368),t2965),(((t1843,t5898),(t3247,t4947)),(t3038,t4392))),((((t1350,t2949),(t3396,t4125)),t2400),(((t921,((t3721,t5258),t2929)),((((t2429,t6010),t4491),t4353),t2781)),(t1990,t3495)))),(((t1109,t4152),t3577),(((t1445,t5930),t4485),t1193)))),((t980,t5432),t4400))),((t1940,t3194),(((t181,(t4306,t5181)),t3642),t510))),(((t405,((t2050,(((t3766,t5095),(t4645,t5384)),t3863)),((t2829,t6035),t5382))),(t1943,t3056)),(((((t2273,(t4650,t5899)),t3673),(t2544,((t2956,t4872),(t3216,(t3331,t4050))))),t1643),t1653))),((((((((t956,t2392),((t1258,t5305),t3706)),((t855,(t2753,t3801)),((((t1928,t5852),(t3380,t5362)),(t2701,(t4867,t4870))),((t4111,t4567),t1394)))),t3084),(((t524,t4462),(t1178,t5292)),t695)),t222),(((t619,(t3107,t5798)),((t1230,t4606),((((t1507,(((t3633,t4865),t4817),t4123)),(t2011,t2543)),(((t2606,t3310),(t2960,t5140)),((t1775,t4684),(t3012,t5939)))),t1668))),((((t683,t4687),(t3513,t5262)),t2678),(((t1044,t4568),(t2185,(t4356,t5272))),((((t1194,t4439),t2835),t1224),(((t1102,t4667),(t2942,(t3769,((t3860,t5339),t4201)))),(((((t2332,t5605),t5495),(t4015,t5286)),t3576),((t3338,t5578),t4915)))))))),(((t995,(t2398,t1903)),(((t200,t5369),t3663),t2980)),((((t994,t3751),t3748),((t1842,t5376),(((t3803,t6088),t4500),t3809))),t810)))))))),(((((((((((((((t157,t4510),t3032),(t2270,t4184)),(t1736,(t5427,t5913))),(t2171,t1252)),((((t301,(((t3516,t5503),t5440),t5041)),(t1656,t3444)),(t1426,((t2675,t6174),(t5178,t5383)))),((t998,t3684),(((t1120,t3475),t2626),(t1569,((t2718,t3654),(t3342,(t3782,(t5645,t5840))))))))),(((t192,t5842),((t1659,t3682),(t1852,t5506))),(t893,t2311))),((t298,((t1764,t5603),(t2191,t4311))),(((((t333,(t3865,(t5216,t6021))),t2738),(t1558,(t2569,t3497))),(((t1198,t2650),(((t1847,t2936),(((t2780,(t4528,t5795)),(t3533,t3914)),t2297)),(t3588,(t4931,t5375)))),(((t1295,(t4366,t5709)),t3491),(t1916,t6172)))),((t674,(((t2261,(t4822,(t5244,t5818))),t3838),t3581)),(t2284,t2797))))),((((((t2423,(t5148,t5873)),t2624),(((t2891,t5859),t5444),((t5311,t6096),t5632))),((t1103,(t2351,t1911)),((t1144,t3734),t2779))),(((t830,((t3007,t4167),(t4166,t5937))),(((t1585,t5670),t4727),((t1995,t5482),t2295))),((t1170,t2609),(t1189,t1983)))),(((t3328,(t286,t3923)),(t2969,t4862)),((t1292,t4495),((t1718,t5480),(t3568,(t3784,t5242))))))),((((t52,t6039),((t993,t5359),t2031)),(((t337,(t1573,((t2417,t5141),(t3359,t3816)))),((t1342,(t4301,t6056)),(t2633,((t3384,t5508),t5236)))),((t392,((t1111,(t2533,(t4860,(t5918,t6117)))),(t1660,(t4654,(t4945,(t5020,t6018)))))),((((t427,(t1670,((t2258,(t3385,t5773)),t2836))),(t972,(t1214,t3065))),(t2041,t4876)),(((((t487,(t3329,(t3450,(t4040,t4620)))),(t2607,(t3366,t4615))),((((t1906,t5490),t5410),(t3727,t5612)),(t2355,t2744))),t1390),(((((t707,t6025),(t4185,t5861)),(((t3377,t5994),t4976),(t4036,t5543))),(t2102,(((t3652,t4150),t3965),t3960))),t1276)))))),(((((t89,((t3395,t3887),t1700)),((((((t190,t4855),(t4524,t5903)),t2912),((((t1688,t4041),t3262),t2752),t2597)),(((t556,t6054),t2882),(((t3570,t4247),(t2927,t5883)),(t1828,(t5564,t5588))))),((((t404,t4007),(((t1114,t6080),t5615),t1028)),(((t540,(t4154,t5763)),(t3637,t5294)),t2805)),((t408,t902),((t958,((t2124,t5792),((t2712,t4607),t3189))),t2078))))),((((((t162,t4748),(t3113,t3314)),(t1483,t3173)),(t836,t1651)),(((t465,(t4341,t5969)),(((t2131,t5653),t3571),((t2252,t6015),t4929))),(((t1032,t5834),(t3148,t4258)),((t1299,t5190),t4091)))),(((((t3561,t4624),t4513),(t406,t4759)),(t383,t5370)),(t277,(t4140,t4733))))),((t288,(t2443,(t3724,t5422))),((((t1448,(t5997,t6086)),t4692),(t4685,(t5011,t5137))),(t1468,t2496)))),((t57,((((t4544,t260),(((t790,t5789),(t1863,((t2079,t5981),t2634))),t1815)),(((t2602,(t2964,t5119)),(((t1732,((t4740,t5771),t4810)),(((t2850,t4601),t3417),(t3394,t4312))),(t1831,t4237))),((t1713,((t2276,t3080),((t3077,(t4264,t4760)),(t4062,t4300)))),(t3115,t4427)))),(t356,t4603))),(((t131,(t3451,(t5866,t6124))),(t1197,(t3379,(t4798,t4967)))),(((t220,t4893),t3991),(t1078,t2069))))))),((((((((t2455,t5439),t3296),(((((t1172,((t3695,t5750),t5546)),(t2488,t5724)),((t1856,t3707),(t2862,t4327))),(((t1363,((t2382,t4177),t4928)),((t1436,t4291),t1455)),(((t1434,t5448),t2478),t3534))),(t1155,(t4614,t5228)))),(((t595,t5701),(((((((t187,t3843),t2910),t2848),(((t1536,t4815),(t3190,t3745)),(t2754,(t2907,t3400)))),(t1060,t4628)),(((t1586,t5416),(t2148,t4590)),((t2714,(t3081,(t3135,t5854))),(t1024,t2879)))),(t969,t4689))),(t1283,((t1348,t3934),t1770)))),((t929,((t967,t5548),t4566)),(((((t3697,t5006),(t3269,t3319)),((t1166,t5194),((((t1206,t4279),((t2164,t3963),t3565)),(t1576,t2141)),(t1209,(t2085,(t3676,t5168)))))),t1009),((((((t482,t5248),(t4337,t4473)),t4244),t2368),t2288),(t807,((t914,(((t1329,t3073),t2775),t1066)),(t946,((t2237,t5974),t3162)))))))),(t1779,t1623)),((((t56,(t3137,t5231)),(t1099,(t1822,t4403))),((t692,t5139),t3312)),(((t1622,t4074),(((t2734,t4482),(t3827,t3881)),(t3031,t4734))),t2357))),((((t50,(((t2682,((t3572,t5111),(t3885,t5201))),t3437),((t2773,t4913),(t3068,t4320)))),((t597,t4820),t2922)),t1077),((t1091,(((t1564,t4518),(((t2771,t5500),(t4113,t5920)),(t2961,((t4148,t6075),(t4536,t5524))))),t2694)),t201)))),((((((((((((((((t769,(t5188,t6136)),t4839),t3151),((t1508,t5791),t5651)),((t1259,t4547),((((t1300,t5655),t4171),((t2211,t3747),t4346)),(((t1970,(t5555,t5993)),(t3689,(t5239,t6147))),((t2971,t5229),(t3466,t5805)))))),((t864,(t2534,t2920)),(t947,t3434))),t3300),((((t433,t4840),(((t1652,t4896),t4314),t2532)),((t1262,(t4529,t4886)),t4090)),((t572,t1418),((t889,t4801),(t1571,(t2029,t3020)))))),((t346,(t1031,(t3177,((t4191,t4574),t4275)))),(t3266,(t4207,t5592)))),(((t226,((t2058,t5158),t4099)),((((t1920,t4630),t4092),(t2163,t3517)),t2086)),(((((((((t3977,t5131),t4127),t4245),(t3360,t4277)),t3937),t2054),(t3857,(t4655,t6049))),((t1686,t4599),t2021)),((t1931,t3922),t1128)))),(((((t1054,(t5162,t5664)),t1600),(((t1277,(t4231,t4345)),t4204),t3726)),(t3202,t5387)),((((((t1613,t2756),(t1691,(t3205,(t4943,t5779)))),(t143,t2376)),t1248),(t519,(((t1253,(t4555,(t4974,t5662))),(t3898,t4018)),t3306))),((t294,(((t1424,(t2828,t3862)),(t2462,(t3118,(t4139,(t5746,t5926))))),t2256)),(((t664,(t3845,t4958)),((((t3635,t5036),t4853),t4303),t4243)),t5371))))),(t1346,(t73,(t2216,t3236)))),(((((t448,t3198),(((((t289,t3369),(t1604,(t3456,((t3826,t5579),t4730)))),(t863,(t4017,t4442))),(((t558,t5793),((t2814,t4433),(t3172,t4576))),((((t879,(t5330,t5985)),t3553),((t1955,(t3978,t6118)),t2366)),((t1254,(((t2979,t3685),(t2075,(t4361,t5849))),(t2572,(t2441,t5093)))),((t1645,(t1737,((t2450,t6137),t5089))),(t1488,t6071)))))),(t551,(t2471,t5972)))),(((t291,((t2040,t4731),((t2201,t3967),(t2435,t3465)))),(t1550,(t1976,t3229))),((((t798,t2699),t1584),(((t986,t5611),t3593),(((((t2884,t5690),t4440),(t3591,t6005)),(t1308,t4254)),((t1961,t5688),(t3165,t3931))))),((t1162,t2001),((t1957,t4425),t3950))))),((((t91,t6044),t4944),(t1945,(t3541,t4816))),(((t1816,((t4011,t5353),t4791)),(t2150,t5767)),(t827,t4642)))),(((((((((((((t589,t4921),t4745),(t4038,(t4999,t5521))),t3955),((t2123,(t4164,t5661)),(t3529,t5907))),(t1186,t1244)),(t776,t5125)),((((((t3066,t3824),(t4128,t4157)),(t3301,t4068)),((t1388,((t2811,(t4426,t5509)),((t3520,t5732),t3708))),((((t1784,t5621),t3420),((t3282,(t3613,(t4582,t5624))),(t2361,t5003))),(((t2353,t4834),(t2802,(t3604,t4672))),(t2788,t2794))))),t3248),(t668,(t4552,t5912)))),((t442,(t2567,t3294)),t1446)),(((t655,t4221),(t1848,(t3362,t5589))),((t600,(t3948,(t4162,t5407))),(t2683,(t3628,t4662))))),(((t203,t1987),t1353),(((((t1021,t5947),((t3842,t6048),t4527)),(t3121,t5225)),t2538),(t431,(((t2067,(t4894,t5396)),t3606),t2654))))),((((t781,t2183),(t1726,t3562)),t1463),((t189,t2876),t2390))),((((((t970,(t4063,(t4326,(t5908,t5946)))),t2698),((t2461,(t3703,(t4783,t6131))),t3702)),t1219),(t767,t1425)),((((t553,(t3546,t3807)),(t1731,t4806)),(t1515,t3983)),(((t578,(t794,(((t3402,((t955,t5626),t4910)),((t3203,t5418),t5198)),((t3481,(t4134,(t5430,t5652))),(t3321,t5814))))),(((((t635,t3619),((t2437,t5762),t5517)),(t1921,(((t4212,t4877),t4863),(t4718,t5290)))),((t1216,t4347),(t3009,t3078))),(((t962,(t5916,(t6001,t6098))),(t3564,t5469)),(t2470,((t4456,t5674),t5604))))),(t629,(t1239,(t1738,(t3470,(t3789,t4364))))))))))),(((((((((t847,t5374),(((t2204,(t2347,t3461)),t2272),((((t2266,t5862),t4273),t3257),t3008))),(t2135,t3875)),((((t1832,(t4296,t4883)),(t4218,(t4904,t5526))),(t3195,t3636)),(((t2507,t5569),t4670),(t2725,((t2774,t4622),t4259))))),t2127),((((((t440,t4532),t4059),(t3906,t5033)),(((t1478,t5631),t5535),(t5054,t5633))),(t1059,t5656)),(((t694,t2034),((t1201,(t1979,(t2482,t5377))),((t1226,((t1449,t4799),(t2282,t5663))),((t1605,t6082),t1232)))),((t1057,t4710),t3175)))),(((t146,(t5668,t5924)),(((t1104,(t3798,t4435)),t3600),((((t1664,t5594),(t4585,((t4669,t5308),t5246))),(t4280,t4966)),(t3760,t4936)))),(((t784,((t1207,t4706),(t2770,t3094))),((t1040,(((t3025,t6034),t4208),t3918)),(t2680,t4372))),(t890,((t3587,t4253),(t3992,(t5310,t6022))))))),((((((t457,(t4108,t4322)),(t1954,(t5023,t5288))),(((t2094,(t3299,t4217)),(t3256,t3279)),((t2391,(t4826,t5654)),t3692))),t1402),((((((t3133,(t3761,t4169)),t5587),t4761),t2454),((t2219,(t3462,t4129)),t2868)),(((((t1629,t5175),t5005),t3925),(t3527,t5801)),(t1810,t5533)))),(t461,((((t462,t5738),(t3945,t5830)),((t1674,t5429),(t4414,t5561))),((((t1461,t6135),t4845),t4180),t2719))))),((((t756,((((t1563,t6013),t4992),((t2905,(t5090,t5884)),t4193)),(t1745,((t3097,(t5008,t5160)),((t4486,t5848),t4937))))),(((t828,t5172),((t4260,t5580),t5319)),t3267)),(((t1913,t5534),(t1005,(t3643,t5563))),(t1896,(t3264,t4941)))),((((t223,t4897),(((t1704,t6026),(t4413,t5049)),(t4102,(((t4216,t5613),t4779),t4698)))),(((t728,t3403),t3051),(t3849,t4490))),((((t256,t4563),t3665),(t3191,(t5341,t5925))),t2316))))),(((((((t67,(t4864,t5728)),(t3559,t3913)),(((t3839,t4605),t4389),t5156)),(((t2798,t5087),(((((t4242,(t5326,t5790)),t5170),(t5120,(t5138,t5261))),t4790),t4332)),(t3015,t3334))),t1923),((t1345,t3753),t2081)),(t252,t1836))),(((((t852,(((t1433,t5689),t4227),(((t2542,(t5043,t5203)),t5000),(t3879,((t5092,t5558),t5329))))),(((t1768,(t2547,((t4598,t6046),t4766))),((t2466,t4246),(t3104,(t5066,t5786)))),t2584)),(((t3180,t3973),t1823),((t1811,t5800),t2733))),(((((t1742,(t3548,t3921)),t2984),t3476),((t742,(((t3507,t5723),t5108),t4477)),t2523)),((((t1598,t5027),(t2449,(((t2635,t4163),(t3602,t4100)),(t2990,t5322)))),(((t2799,t5560),((t3485,t6095),t3851)),(t2822,(t3302,t3752)))),(((t734,t5438),t4880),t4661)))),(t892,t1314)))),((((t1734,((t3033,t5844),(t4371,t5348))),((((t16,((((t2281,t5988),t5395),(t2433,(t2827,((t3525,t5001),t3832)))),(((t2381,t5957),t4079),(t2432,((t3070,t3617),t3445))))),(t1537,(t3795,t6007))),((t1471,t2985),(t2434,t4039))),((((t780,t4175),((t2612,(t4395,(t5733,t5796))),t2743)),(((((t1597,t5284),(t4104,t4831)),(t3082,(t3731,t5995))),(t1750,t5015)),(t1689,t3848))),t1176))),((((((t1297,t5832),t5551),(t4003,t5281)),(t282,t3701)),(t768,(t4505,t5173))),((t741,t4753),(t760,((t1084,t4256),t2006))))),((((t1582,(t2900,(t3883,t4985))),t1072),((((t916,(t1486,(t3463,((t4235,(t4725,t5226)),t4561)))),(((t1441,t2254),((t1778,t4951),t3146)),(((t1617,t4738),t4278),t2342))),(((t1070,t5816),(t4195,t5419)),((((t2088,t5815),t4117),t3941),(t2415,t6146)))),t831)),(t136,t4317)))),(((((((((t295,t3738),t3072),t2388),(((((t1352,(t5679,t5742)),t5247),t3763),(t3537,t5566)),((t3035,t5514),((t3225,t5799),(t3339,t4833))))),(t732,(((t1853,t2396),(t895,t6041)),(t1684,(t3988,t4611))))),(t824,(((((((((t1458,t3557),t3083),t3021),(((t2229,t5057),t3154),t3016)),(t2133,((t3404,t5038),(t4375,t5955)))),(t2101,t4083)),((t1709,t3917),(t2300,(t3645,t4299)))),(t1235,(t4270,t6161))),t1069))),((((t702,((t1013,t3812),(t3036,(((t3283,t6106),t6009),(t4613,t5117))))),((t2483,t4098),((t3381,((t4996,t5845),t5073)),(t3484,(t4927,t6058))))),(t861,(t3112,t4342))),((t499,(t1603,(t4686,t5614))),(((t605,(t4070,t4124)),(t2508,t2561)),(t620,t3623))))),((((((t2240,(t3435,t4431)),t3616),(((((t1282,t4802),t3920),(t2921,t4942)),(t2711,t5953)),(((((t2716,t4233),t3006),t5263),((t2369,t5492),t3276)),(t1962,(t4380,t4591))))),(((t823,(t3088,(t4268,t5342))),(t1675,t2066)),((t1261,t3323),(((t2991,t4459),t3905),t3829)))),((((t430,(t1641,(t4228,t4742))),(((t915,t5485),t4558),(t2795,(t5823,t5944)))),(t1997,t3265)),((t271,t2477),(((((t1025,t4553),(t4112,t5155)),((((t1904,t5283),(t4762,t5860)),(((t4138,t6102),t4813),t4376)),((t4316,t5891),t2782))),((t938,(t2586,(t3295,t4829))),(t3058,t3506))),((((t1126,t5783),t4732),((t3075,t4053),((t3847,t5765),t4480))),(((t1269,t5333),t2880),((t1818,t3939),t1869))))))),(((((((t1051,t4455),((t218,(t4851,(t5870,t5901))),((t1825,t5706),t4726))),((t1241,t5716),((t334,((t4021,(t4496,t5864)),(t4182,t5711))),(t2807,t4658)))),(t221,(t1245,((((t2452,(t3493,t5224)),(t2386,(t2556,(t2917,t3472)))),((t2180,t5836),t5032)),t2167)))),((t2105,(t3387,(t5206,t5951))),((t925,(t5165,t5174)),((t1886,t4924),t4700)))),((t123,t4636),(((((t2693,t3005),t2792),t2422),(((t1999,(t2906,(t3169,(t3989,t5030)))),t4196),(t2188,(t2503,t5264)))),t1208))),((t32,(((((t563,(t3560,(((t4625,t5637),t5488),t4784))),(t3096,t6063)),(t2821,t5149)),t2697),((((t748,(t3408,t4612)),(t2269,(t2845,(t5105,t5734)))),((t2053,(t2715,t3486)),t1834)),((((t1754,t5704),t3696),((t1919,(t5145,(t5887,t6166))),(((t4249,t5851),(t5070,t5136)),(t4758,t5169)))),(t3502,((t3532,t5113),(t4438,(t5833,t6145)))))))),((t177,t899),(((t1006,(t1900,((t2016,t6163),t3074))),(((((t3046,t4856),t3409),(t3686,t4458)),t1685),(t2645,t5942))),t744)))))),(((((t163,(t3134,(t5713,t6027))),(((t541,t5133),(((((t1125,t5392),t4187),t2418),t1578),(((t1428,t6076),t3549),(t3378,t5525)))),(((((t4330,t4677),t4881),(((t1820,t4653),(((t2953,t5394),t4136),(t3489,t4977))),(t2144,t3290))),(((t3631,(t4052,t4419)),(t4069,t5064)),t3429)),((((((((t3218,t5938),t5393),t3850),t3649),t2840),((((t3542,t5080),t4789),t3957),t3722)),(((t1467,t1862),(t1514,t1791)),(t2531,t1614))),((t1203,(t4948,t5065)),(t3661,t5004)))))),((((t1797,t3896),t2841),(t3582,t4583)),((t3335,t4131),t2874))),(((((t101,t5337),t846),((((t761,t5346),(((((t1156,t6066),((t1880,t4507),t4045)),((((t1432,t6072),(t5007,(t5314,(t5447,t5962)))),t1851),((t2546,t1814),((t2056,t5708),(t3418,t4197))))),(((t1257,(t2224,t4046)),((((((t2238,t5717),t4359),(t3320,t5978)),t2146),(t2190,t5462)),t1885)),(t1531,(t5442,t5788)))),t1243)),(t1124,t2364)),((((t886,t5875),t4048),t3583),(((t2018,t5128),t3235),(t2847,t4550))))),(t606,((((((t641,t5909),t2710),(t2271,t3853)),((t1460,t3460),(t2898,(t2986,t4502)))),(t1330,t2274)),t1039))),(((((t1085,t5302),t3947),((((t1523,(t5222,t5378)),(t2934,(t5574,t5608))),(t2893,t4042)),(t1608,(t5415,t6062)))),(((t402,t3167),(((t1639,(t4899,t4991)),t3799),t1932)),((t1133,t5391),(t2518,t4665)))),((((t671,t4465),t1910),((t977,t3903),t2909)),(t822,(t1634,t2189)))))),(((((t754,(((t3278,t5647),t5071),t4251)),(t2615,t5220)),(t2113,(t3601,t5998))),(t1119,t2427)),t2214)))),((((((((((((t815,(t1377,(t3147,(t3361,t3605)))),(((t1679,(t1839,(t3174,(t4116,t4250)))),((t2325,t3440),t2945)),t1596)),(((t1430,t3110),((t2275,(t2593,t2684)),((t2728,(t2896,t5403)),t2766))),(((t1498,t3872),((((t2157,(((t3951,t5150),t5035),t4959)),t3275),t2379),((t2195,(t3964,t5505)),t2872))),t1673))),(((((t2706,(t4354,t4385)),((t3109,t5366),t5110)),(t2946,(t4866,(t5996,t6109)))),t2042),(((t1501,t5234),((t2100,t4859),t3105)),(((t1977,t4309),(((t2419,t4564),(t4284,t5083)),t2930)),t2110)))),(((((t591,t5531),t2487),(((t1705,t5227),(t2126,t3347)),((t2154,t2399),t2977))),t1008),t920)),((((t224,(t4155,t4912)),(t2869,t3956)),((t422,t3584),(((t500,t5778),t4281),((t698,(t3877,t4647)),(t1714,t5166))))),((t368,t4842),(t1108,(t1867,(t5134,t5601)))))),((((((((t1272,t4926),t4769),t4678),t1696),(t1298,((t2247,t5545),t3725))),((((t2210,t5241),t2286),(((t1699,t4557),t4520),t1762)),(t834,((t3814,t5238),(t4995,t5610))))),(((t209,((t2481,(t5386,t5414)),(t3704,t5961))),(((t3085,t3792),((t2464,t2928),t2818)),(t2451,t5759))),((t764,(t1716,(((t2324,t5357),((t3986,t5928),t5904)),t3961))),(t825,(((t1074,t1391),t1965),((((t1113,(t4837,t5381)),t4575),(t3729,t4071)),t1753)))))),((((t250,(t1360,t4751)),(t1192,(t1794,(t1801,t3511)))),(((((t353,(t3688,t5428)),t866),(((t2732,t3740),t3432),t647)),((t2973,t3891),t1747)),(((t630,(t2158,t4953)),t1922),t1030))),(t3136,t5360)))),(((((((t327,t2438),((t1985,t2958),(t3399,((t3670,t5046),t4386)))),(((((t615,(t3828,t4714)),((t2598,t4933),t4398)),t1860),(((((t1401,t5992),t5667),t4339),t3711),(t1774,t3806))),(((t1542,t5528),(t1017,(t2469,t4476))),(((t1233,(t4405,t5964)),((t1681,(t2742,t3397)),t1759)),(((((((t2661,t5917),t4891),t4869),(((t3263,t4446),t4229),t4160)),(t2894,t5406)),t2727),t3521))))),(((t1223,((t2179,t3164),t2918)),((t945,(t5659,t6134)),(t1918,t3820))),(t501,t3139))),((((((t463,t5405),t3621),t1535),((((t1171,t5965),t5511),(t2613,t3586)),((t1964,t3249),t2161))),(t3427,t5602)),((t554,t4463),t1256))),((((t219,t4969),((t1540,t3159),t3357)),((((t614,(t2622,(t4287,t4963))),((t1112,t5681),(t1925,(t1265,((t3019,t3488),(t3431,t5072)))))),(((t662,t4172),t4037),t2136)),((((((t1868,t5487),t4794),((t3076,(t3656,(t4522,t5450))),t3393)),(t1413,t3010)),(t1327,(t3954,t6052))),(t1480,t2858)))),((((((((t640,t5751),t5325),((t2757,t5948),(t2925,t3531))),(t2346,t3674)),(((((((t1562,t5554),t4750),(t4535,t5182)),(t2241,t2952)),(t1703,t6092)),(t1602,t4370)),(t1553,t1935))),t1323),(t688,t2003)),(((t577,t5932),(t2257,t2741)),(t1697,(t1972,(t4088,(t4890,t5737)))))))),((((t240,(((t609,(t4350,t6115)),(t3894,t5456)),((t2080,t4787),(t1422,((((((t2291,t5219),(t2846,t5301)),(t2632,t5465)),t1937),((((t2170,t5343),t4541),(t4374,t5807)),t3365)),(((t2877,t4388),t3337),(t2630,t5467))))))),((((t479,t1619),(((t1607,t4132),(t2456,t5266)),t1993)),(((t999,((t2014,t3153),t3958)),(t811,t5400)),((t632,t4057),((t1655,(t2856,t2988)),((t1898,(t2514,t3678)),t2512))))),(((t547,((t2172,t5550),(t3217,t4075))),(t1539,((t2524,t5502),t4025))),(((((t512,t4627),t4521),t3594),t2091),t1616)))),(t398,((((t1118,((t5390,t5973),t5433)),t3899),(t3053,(t3215,((t4214,(t4666,t5756)),(((t4252,t5896),t4940),(t4774,t4796)))))),(t1406,t3693)))),((t191,((((t493,t5081),t4905),t2919),(((t610,t4492),t3048),(((t1368,t6057),t2489),(t731,t2885))))),((t360,t4450),((t3152,t3846),(t792,t4782))))))),((((((t1701,t5714),t2566),((((t460,t4885),(t3199,t6143)),t989),t973)),((t423,(t2323,(t2581,t5585))),(((((t1338,t5523),t5404),t4032),(t2851,(t3870,t6139))),t2343))),((((t262,(t3149,t5740)),(t763,(t1805,t3759))),((t452,(t653,(t1755,((t3039,t3662),t3590)))),t435)),(((t735,t2525),t1615),t751))),(((t228,t3464),((t1908,t4377),t2785)),((t1015,t3433),t3428)))),((((t130,t3184),(((t612,(((t2082,t6123),t6104),t2363)),(t663,(t2152,((t1786,t3786),((t4930,t5839),t5754))))),t1185)),(t1633,(t233,t3949))),((((t1968,t2677),(t4668,t5295)),(((((t3374,(t3467,(t4190,t4623))),t1966),t2783),((t2539,t4219),(t3567,t5707))),t1989)),(((t856,t5820),t3351),t1061)))),(((((t1865,t3946),(((t2970,t5275),t4142),t3111)),(((t1089,t2787),t1439),(((t273,t3927),t3852),(((t2071,t5457),((t3996,t4538),t4453)),t3938)))),(((t403,t5989),t415),((t3448,t4295),(t3876,(t4156,t5401))))),((((t275,(t1372,((((t2213,t6168),t5696),t4556),((((t3245,((t4331,(t5199,t5223)),((t4373,(t5100,t5575)),t5058))),(t3840,t5097)),(t3671,t4188)),(t3273,(t4551,t5185)))))),((((t1403,t5107),((t1733,t2954),t1894)),t1767),(((t891,t6031),(t3496,t5303)),t2786))),(((((((t2420,t5267),t3880),t3253),(t2562,((t4255,t5584),(t5051,t6160)))),t1780),(t133,(t4821,t1566))),(((t538,(t2147,(t4199,((t4222,t5553),t4494)))),((t1841,t5794),t3552)),((t1260,(t3067,t5856)),t1804)))),(((((((t147,(t4594,(t5094,t5101))),((t3238,(t3672,t4743)),t3536)),(((t1528,(t4151,t5034)),(t3410,t6093)),(t3412,(t4158,t4982)))),((t1462,(t3535,t3585)),t2321)),(t976,t2468)),(((t2911,(((t3352,t5347),(t3904,t4871)),t3354)),((t877,t5991),t4514)),(t3287,t3869))),(((t705,t5888),((t1807,(t3370,(t4035,t5130))),((((t2585,t4675),(t3675,t4168)),t2997),(((t2552,(t4408,t5802)),t4024),(t3255,(t3514,t5812)))))),(t1532,t5590)))))),((((((t849,(t2109,(t3119,t5539))),(((((t2335,t4292),t3681),t3679),t1075),(((t1007,t5361),(((t2999,t3683),((t3244,t5894),t4114)),t3188)),((t1369,t5582),t3473)))),(t311,(((((t391,t4449),((((t2262,t5547),t3924),t3716),t3487)),(t2026,((t3756,t6084),(t4812,t5312)))),((((t1963,((t3284,((t4635,t5466),((t4997,t5658),t5409))),t4194)),((t2076,t3856),((t2139,t4429),((((t3250,t4464),t3981),t4688),(t2686,t5685))))),t1988),(t1690,t4640))),(((((t693,(((t3994,t6107),t4135),(t4087,t4308))),t2505),((t1695,(t3699,t5876)),((t2739,t5380),t4577))),t1665),((t1123,t5115),(((t1482,(t4110,t5159)),t2800),((t1706,t3659),((t1758,t5537),(t2395,(t3436,t5086)))))))))),((((((((((((t2028,((t2509,(t2982,(t5749,t6065))),t3307)),t2853),((t1635,t4176),((((t2306,t3187),t3157),(t2976,(t4554,t5529))),(t2317,(t4417,t4939))))),((t1583,(t5775,t5784)),t2577)),(t1159,t2251)),(t1817,t245)),(t793,(t3210,t4961))),((t770,(t4954,(t5056,t5841))),t3892)),(((t492,((t2500,(((t2790,t5640),(t5372,t5424)),t4436)),((t2671,(t4788,t5941)),(t4106,t4416)))),(((t1884,t5950),t4917),t2578)),((((t1577,t2691),t4771),((((t1551,(t5897,t6128)),t5593),(((t3480,t4239),((t4147,t4542),t4422)),t3598)),((t3452,((t3712,t5684),t4501)),(t4276,t6165)))),((((t1210,t6090),t5666),t3651),(t3391,((t3907,t5287),t4198)))))),((t374,(t2115,(t4570,t5671))),(((t413,(t2310,t5657)),(t1866,(t5507,t6142))),(t1521,t4571)))),(((t343,t4907),(t3332,(t3509,t5452))),((t1334,(t1795,t3732)),(t1457,((t3345,t5501),t4329))))),((((t676,(t5399,t5806)),t5055),t2280),t329))),((((t24,((t1654,t5022),t2939)),((((t1183,((((t3128,t5522),(t5461,t5641)),(t4971,t5053)),t3855)),((t3508,t3861),t4649)),((((t3223,(t4475,t5018)),(t3895,t4755)),t3372),(((t2298,(t5557,t5693)),t5211),t4764))),(t1581,t4844))),((((t904,(t4304,t5769)),t3500),(t2663,(t3298,t3356))),((((t1106,(t4776,t5285)),(((((t5029,(t5636,t6032)),(t2259,((t5274,t6064),t5824))),(t4145,t5510)),t3770),t2857)),(t2156,t2354)),((t1933,t5082),t2307)))),((t370,((t1146,(t2279,((t5268,t5731),t5625))),((((t3383,t4610),(t4118,(t4119,t6087))),t3503),(t2059,(t5279,t5825))))),((t981,t2823),(t1525,t2289))))),((((((t1107,t4964),t3742),((t1763,t5177),t3836)),(t1212,t4503)),(((t514,(t3715,t5869)),(t673,(t4858,t5967))),t72)),((t2024,t3573),((t1202,t4663),(t3138,t3815)))))))),(((((t367,((((t1130,t4965),t4351),((t1405,((t4593,t6173),t6069)),(t2995,(t3026,t5327)))),(t1305,(((t3479,(t1447,t3718)),t2838),(t1658,t4957))))),((((((t1182,(t2555,t3595)),((t685,(t4093,t5478)),(t2387,t5804))),(((t1079,(t4066,t6024)),(t2490,((t2629,t4825),t3386))),t1984)),((t1384,t3318),(t4852,t5047))),(((((t1612,t4703),(((t2832,t5922),t5232),t5121)),((t2352,t4545),t3723)),((t1328,t5768),t5104)),t2950)),(t1247,t2312))),(t347,((t1279,t3788),t2941))),(((((((((t204,t5270),(((t1266,t5623),(t2350,t4652)),((((t1924,t5299),t5213),t3926),t4209))),t1184),t859),(t376,(t3178,t3280))),((((((t2222,t4857),t4286),(t3933,t4065)),((t2228,(((t3156,t5577),(t4263,t5307)),t3916)),(t3142,(t4307,t6016)))),((t293,t5999),t5698)),t996)),((t213,((t1644,((((t2540,t5757),t4448),(t4423,t6116)),t4072)),(t2498,(t5318,t5881)))),t838)),((((t363,t4383),(t494,((((((t1761,t6164),t2582),t2515),((t2331,t4390),(t3106,t4019))),(t2065,t3720)),(t1145,(t3528,(t4183,t4736)))))),(((((((t574,(((t2063,t4824),((t3741,t6141),t4381)),((t2436,t3213),(t2955,(((t4285,t5411),t4807),t4445))))),(t5179,(t5892,t6159))),((((t983,t5936),(t2653,t4226)),(t1380,((t1694,t5476),(t2220,t4934)))),(t1154,t3970))),(((t656,t5475),((t4882,(t5643,(t5949,t6030))),t4892)),(t4126,t5259))),((((((t1249,(t5454,t5499)),t3932),t2665),((t2590,t4213),t3141)),(t1270,((t1541,t5520),t4318))),t11)),t429),(((((t2118,(t3092,t3886)),(t3030,t3518)),(t3971,t6047)),((((t1727,t5787),t3974),((t2484,t2947),(t2672,t4267))),(t2320,((t3163,t4767),t4519)))),((t432,(t2439,(t5504,t5512))),((t2033,(t5061,t5736)),t2385))))),(((((((t424,(t5556,t6126)),t4752),(t1698,((((t3129,t5982),t5273),t4512),t4676))),(t1142,(t5237,t5591))),((t2107,(t2707,t5826)),((t2176,t4608),t4121))),(((t344,((((t4626,t6176),t3201),((t4020,(t4144,t5463)),t4137)),(t3687,t4600))),(t3069,((t4399,((t5078,t6073),t5984)),t4681))),t3028)),(((((((t319,(t5417,t5747)),t3114),((t782,(t5388,t6099)),((t3200,t5497),t3219))),((((t3062,(t3457,t5980)),(t2864,t5683)),t2704),(t2402,t5243))),((t1063,t2861),(t2679,t5764))),(((t604,t3227),(((t2994,(t3810,t6151)),t3776),(((t3228,t6079),t5952),((t3522,t5906),(t5099,t5496))))),((t2401,t3668),((t3122,(t4421,t5776)),t4220)))),(((t607,(t3987,t5320)),((t1251,t4293),(t2646,t5672))),t484))))),((t3101,((t3556,(t5002,t5180)),t3942)),((t721,t2421),((((t2025,t5959),t4746),t3544),t2318))))),(((((((((t560,t4922),(((((t1678,t4772),t3421),(t3415,t5744)),(t2967,t6097)),(t1682,(t2125,(t3259,t6120))))),((((t1846,(t2863,t3574)),t2588),t1748),((((((t1296,t4747),t4262),t2938),t2453),t2207),(t2151,t3912)))),((((t340,t4401),((t3002,(t4986,(t5635,t6060))),t3597)),t1502),(((((t1484,t6108),t4573),((t2729,t5317),t3477)),t2264),(((t1590,(t3367,(t4107,t4778))),t2913),(t2215,(t4580,t4911)))))),((((t708,t3230),((t1821,(t2689,t4712)),(((t1307,t5519),(t3768,(t4638,t5079))),t3251))),(t285,t6006)),(((t412,t4540),((t4443,t5720),t5451)),(t926,t5304)))),t3363),(((t2267,(t2530,t5235)),((t1286,t3285),(t1942,(t3127,t3336)))),((((t867,t4960),t3340),t2299),t1850))),(((((t1574,t5540),t3653),t3446),(t107,(t3658,t5309))),((((((t3304,t5441),t5313),t1281),((t2377,(t3049,t3160)),((t2393,t3813),(t3510,t3874)))),(t1808,(t3226,(t3966,t4780)))),t1575))),((((((t314,((t1151,t5677),t5297)),(((t872,((t4387,t5963),t5183)),t4010),((((t1048,(t3822,t5385)),t2740),t942),((t3013,((t5024,t6004),t4979)),((t2206,t5491),(t2668,((t2948,(t4792,t4887)),((t4294,t5895),t5255)))))))),((((((t488,t6167),t3700),((t2198,(t5777,t6122)),((t2370,(t4918,t5739)),((t4047,t5968),t4460)))),((t959,(t2497,(t4313,((t5151,t6059),t5843)))),(t1667,t4454))),(((t984,t2169),t1242),(((t1164,t3143),(t2937,t4061)),(t2447,t5345)))),t753)),(((t111,t4848),(t757,t5368)),(t369,(((t871,t2205),((t1546,t5163),t2657)),((((t1414,t3968),t2889),(t1557,t3413)),(((t3625,t4770),t1444),t2313)))))),(((t144,((t1991,(t3935,t4310)),t3057)),(((t948,t4319),t3818),(t3206,(t2610,t4707)))),((t419,t2765),(((t1187,(((t2519,((t3305,t5363),(t3341,(t4935,(t5277,t5598))))),t3258),t3349)),t2077),(t1527,t5436))))),((((t711,(t3757,t4526)),(t1897,(t2778,t6100))),t372),(t1438,t4178)))))),(((((((((t2592,(t4022,t6152)),t3192),((t724,((t1029,((t2573,t5863),((t4694,t6148),(t5797,t6085)))),(t1683,(t4749,t4973)))),((((t719,(t5483,t5808)),(t4989,((t5240,t5617),t5340))),((t820,t3515),(t2045,(t3000,(t3624,t5532))))),((((t2017,(t4803,t5077)),t1356),((t1958,((t5449,t6105),t5669)),t3609)),(((t1495,t5251),(t3179,t5970)),(t2638,(t2659,t5867))))))),(((((t745,t5164),t3530),t3490),t1938),(((t395,t4315),((t3664,t4878),t4584)),(t1456,t4596)))),((((t299,t5389),t4266),((t3953,t5324),t4146)),((t1890,(t4499,t5282)),((t2768,t5017),t2867)))),(((((t571,t5929),(t3271,t5682)),t1505),(t649,(t4785,t5712))),((t328,t5570),(t3120,t4543)))),(((t154,t2111),((((t437,t4238),t3835),((t2412,t5729),((t2486,(t4358,t5332)),(t3975,t5315)))),(t1907,t6045))),(((((((t186,(t2667,t4189)),(((t1593,t5956),t5721),t4797)),t1121),(((t804,t5470),(t2092,((t2651,t5123),t2789))),((t1492,(t5167,t5692)),((t1548,(t4983,((t5152,t5726),t5209))),((t2108,t5741),t5600))))),(t1200,t880)),(t1874,t3632)),(((t269,t4120),t2553),(((((t567,t4850),t4428),t3042),(t2200,((t4333,(t5758,t6011)),t5629))),((((t2043,t3499),((t2475,t5040),t3566)),(t2173,t3316)),(t2104,t4968))))))),(t713,((t3639,t4690),t3746))),((((t194,t5084),t3985),(t1618,(((t2117,(t4234,t4578)),t3618),(t3055,(t3268,(t3730,(t4511,(t4715,t5477)))))))),((t176,(t1404,(((t2502,(t4170,t5109)),(t3060,t5702)),(t2759,t4397)))),(t957,t5161)))));
data/birth_death/5000/model_trees/bd.5.model_tree	data/birth_death/5000/dcm_source_trees/100/bd.5.source_trees	4.278770208358765	3.8499999999999996	0	0	1.0	0	0	1.0	(((((((((((((t614,t4303),(t2435,t4360)),((t130,(t3661,(t4695,t6039))),(((((t749,(((t2264,t5641),t4348),((t2488,t6254),(t3110,t6255)))),(t1801,(((t2429,(t4462,(t5052,t5741))),t3995),(t3508,t3918)))),(t1737,t2389)),(((t1506,(t4184,t5487)),t3743),t2870)),(((((t2533,t3896),(t2699,t4910)),(t835,((t2787,t5421),t3886))),(t1603,((t1645,((t3641,t5477),t3822)),(t2957,t4698)))),((((t1415,(t4873,t5235)),t2290),t3572),t1774))))),(t1712,t2989)),(((((((t94,t6166),t5841),t4363),((((((t3148,t4342),t3059),(t2777,t6195)),(t2119,t2479)),(t1841,t4762)),t1376)),t2983),((((((t854,((t2173,(t3782,t5675)),t2940)),(((t1996,(t4481,t5978)),(t3635,(t4882,t5877))),(t2242,t5116))),t1163),t1144),((((t320,t4972),t4412),((t2923,t5846),t3337)),((t901,t3663),(((((t1312,t3693),(((t4465,((((t4563,t5262),t5099),t4909),t4858)),t4663),t4040)),(((t2059,t4312),(t3448,(t3708,t5427))),((t2436,(((t4588,((t5365,(t5610,t5631)),t5419)),t5230),t5015)),((t3535,t5490),t4178)))),((t1583,t4283),t3871)),t1363)))),(((((t2630,(t3048,t3595)),(t923,t4003)),(((t1825,t5925),((t4078,t4684),t4397)),(t2893,(t4014,(t4834,t5472))))),t5195),((t1090,((t1925,(((t3645,t4606),(t3979,t4057)),t3843)),(((t3108,t5405),t4867),t3160))),((t1497,(t5785,t6059)),((t2904,t5655),t3456)))))),(((((((t1759,(t4377,(t4555,t5692))),(t4316,t4567)),(t4021,t4654)),t3414),t3101),(t4052,t5897)),((t385,t5335),t4498)))),((((((t1688,((t3300,t6143),(t5124,t5216))),((t2192,(t5435,t5968)),(t3965,t5500))),(t24,t4242)),((((t543,t3716),t3683),t2779),(t1515,(t4590,((t4669,(t5352,t6037)),t5278))))),t399),t170)),(((((((t338,((((((t343,t4214),(((t2571,(t5243,t5769)),(((t3115,t4985),t4880),t4633)),(t3027,(t4343,(t5823,t6119))))),t1957),(t1416,t2081)),((((t462,(t1813,((t3953,t4135),(((t4132,t5358),(t4598,t5533)),t4521)))),(((t966,t4291),(t3403,t5599)),t2559)),(t841,(t1049,t6252))),(t507,(((((t694,t4113),t3215),(t2889,(t4275,t4408))),(t2445,t6294)),t2231)))),((t1484,((t485,(((t3769,t5996),t5657),(t4699,t5606))),((t2784,(t4326,t4961)),((t3279,t5891),(t4432,t5033))))),(((t1435,t4768),t4582),(t3122,(t4750,t5668)))))),(((t2666,(t196,((t4260,t5484),t4792))),t671),((((t2678,(t3915,t5363)),t1756),((t2576,t6077),t5249)),t4973))),((((t191,(t5132,t5680)),(((t1749,t4314),(t4041,t5821)),((t2187,t6114),t5722))),(t4106,((t5226,t6054),t5447))),((((((t1219,t5629),t5081),(t1858,t2973)),((t1727,t2950),(t2838,t3670))),(t1833,(((t2330,t6199),t5976),t5282))),(((t1234,t5043),(t2915,t5780)),((t1129,(t5756,t6176)),t5485))))),((((((t1318,((t1661,(t2355,t5862)),(((t1855,(t3378,(t3799,t6135))),(t2616,t2959)),((t1914,t4355),(((t2917,t4820),t4421),t3278))))),t1715),(t3372,t4551)),((t537,t6140),(t2680,(t5107,t4175)))),(((t599,(t5279,t6096)),(t2997,t4687)),(((t2065,t4741),(t3353,t6088)),t3250))),((((t859,(t3878,(t5061,t5529))),t2682),(t972,(t4139,t5878))),((t3257,t6161),t5700)))),(((((((t383,t4884),(((t1649,t6113),t6091),t3909)),(((t1113,t4954),(t2645,t5761)),((((t2593,t6160),t6154),t5751),t4337))),t785),(t123,((t2968,(t3940,t5180)),t3367))),(((((((t309,(t4789,(t5086,t6325))),t3591),(t1492,((t4596,t6257),t5688))),(((t1360,t6046),t5569),t4625)),(((t460,(t5042,t5715)),(t1581,(((((t3600,t6163),t5418),(((t3605,t5255),(t5220,t5717)),((t4103,t6225),(t4947,t5559)))),t2257),(((t3289,t4367),t3926),t3891)))),(t1272,t4280))),((t303,t5952),t1987)),((t905,((t1209,t5774),t2470)),((t1368,t5665),t5525)))),(((((((((t656,t5560),(t3462,(t3594,(t3916,t4995)))),(t1691,t6227)),((((((t1182,t5284),t5156),t4300),t4190),t3622),(t2650,t3559))),((((((t3230,((t3454,t5797),t4093)),t3362),(t180,t4046)),t2820),((t1798,(t3542,((t4509,t5024),(t4960,t6314)))),t2660)),(t1028,t1345))),((t542,((t3107,t3754),(t3753,t4411))),((((t822,((t3084,(t6015,(t6022,t6030))),t4506)),((t2174,((t3375,t5040),(t4616,t4926))),t3272)),((t1424,t4952),(t2522,t4729))),((t1321,(t853,t5154)),(t1174,t4081))))),(((t1308,t4405),(t2473,((t4524,(t5460,t5947)),t5140))),(((t2935,(t3188,t4151)),t3797),(t2609,t6308)))),(((t192,t2674),(((t763,t1966),t1873),(t1071,(t4643,t4814)))),t1266)),((t1047,((t1258,(((t4720,(t5125,t5944)),(t5476,(t5583,t5647))),(t1950,(t4817,t4824)))),(t1330,t5555))),((t795,t2607),(t1600,t5537)))))),(((t36,((t2729,t3075),((t2688,t5211),t4800))),((t1964,(t4281,t5065)),t3235)),((((t426,(t1116,t4473)),((t862,t6208),(((t1939,(t4925,t5507)),t3651),(((t3453,t5493),t2512),t3082)))),(((((t630,(t2890,t4470)),((t1755,((((t3399,t6191),t6189),t4427),(t3415,(t3895,t4472)))),((t2419,t3752),(t2872,(t2869,t4107))))),(t1654,((t2230,t6310),t4475))),(t1384,((t4119,t6187),(t4923,t6131)))),(((((t486,(t1315,t3339)),t1032),((t942,t2543),((((t1487,(t3472,t6282)),t2938),t2877),(t3104,t1824)))),((t848,t5716),(t2995,t4955))),(((t845,t4742),((t2208,t6034),(t3840,t6074))),(((t3455,(t4905,t5935)),t4592),(t5004,t5325)))))),((t467,t4505),(((((t1050,t6025),(t2399,((t2831,t5640),t2956))),((t1018,t5802),(t4037,t4162))),(t3005,t1425)),((t2313,t5539),t4804)))))),(((((((((t271,(t1587,((t4357,t5868),(t5094,t6274)))),(((t1115,t4748),t4133),(t2632,(((t2649,t4843),t3387),(t3296,t4124))))),t1096),((((t1055,t5213),t3440),(t1930,((t2667,(t3611,t4425)),((t4191,t5547),t5369)))),((t1723,t5817),t4060))),(((t676,(t2744,t3514)),((((t364,(t4458,t4784)),(t2782,t4116)),t2760),(t1178,t3806))),(((t376,((t2536,((t4573,t6003),t3449)),((t2696,(t4865,t6315)),((t3217,t5784),(t4026,t5683))))),(t1912,(t2225,(t3010,((t4102,t5293),t5183))))),(((t1490,t5059),t4173),t2843)))),((((((t976,t3941),t3877),t1678),(((t1197,t2531),(t1956,t5152)),(t2170,(t2252,(t2785,t6155))))),t3371),t601)),((((t2918,t5131),(t3029,t3722)),((t67,t5339),(t4894,(t5329,t6152)))),((((t1917,t5617),((t4701,t6301),t5956)),t2206),((t1134,(t2260,t4111)),((t1407,t5805),(((t3198,t4646),(t3804,(t5062,t5922))),(t3574,t3615))))))),t231),(((((t2138,(t3499,t5807)),(t3380,t4483)),(t2844,t3893)),t270),(((t244,t3971),t1663),(((t863,t4962),(t2215,t3824)),((t2104,t3919),t3103))))))),((((((((((t2113,t5834),(t2130,t5603)),(((((t2136,t6126),(t6008,t6142)),t5986),t5764),t4159)),((((t3008,t4368),((t3643,(t5803,t5812)),t4928)),(t3421,t3575)),t3078)),(t18,(t5483,t6193))),((((t389,(t3463,(t3644,t4518))),((t2792,t3539),t5580)),(t2054,(t3937,t5521))),(t1365,t2847))),((((t278,t6057),t933),(((((((t812,t6157),((t3955,t4381),t4258)),(t2331,t5572)),((t2043,t4825),(t3130,t4036))),(t1719,(t3555,t3831))),(t1426,t6174)),(t1313,t4232))),(((t2604,t4922),(t4534,t6330)),((t2129,t5632),t4577)))),((t3394,t5648),(t4578,(t4736,t5813)))),(((((t2133,(t2227,((t3331,t6232),t4001))),(((t665,(t4888,t5448)),(t1689,(t2424,t5196))),t1251)),(((t1025,t3790),(((t2541,((t3315,t5728),t4993)),(t2883,(t5486,t5697))),t2884)),((t1193,t5174),(t3525,t3458)))),((((t405,t6002),t4976),(((t525,(t4915,t5384)),t4778),t4496)),((((((t686,t5983),((t2367,(t4112,t6081)),t2689)),t1931),((((t1446,(t3777,t4492)),t3311),((((t2093,t5969),t5759),t3774),(t3120,t5091))),((((t3517,t6097),t4382),t3902),t2075))),(((t1070,(t5143,t6251)),((t1462,((t3135,t3674),(t3569,t5240))),t3030)),(t1404,t1766))),((((t2535,(t3121,t4244)),t3552),(t842,(t4641,t5576))),t1968)))),(((t1145,(((t1787,t4992),t4845),t2453)),(t2373,(t2854,t4362))),(t866,t4544)))),(((((t575,t6089),((t1481,(t4757,(t4779,t4801))),((((t1547,(t4678,t5974)),((t2891,t6117),t4308)),t2690),t2193))),(((t1463,(t2988,t3662)),((t2161,t5204),((t2719,(t3672,(t6237,t6304))),(t3063,t4285)))),t1887)),(((t1927,t5531),t5456),(((t546,t4531),(t3647,t4346)),t2566))),((t2418,((t4096,t6327),(t4127,t6056))),t2573)))),(((((((((t4869,t5331),t5236),t5031),(((((t2370,t5651),t5440),t3911),t1920),t1822)),((((t472,t5767),((t3497,t3882),((t3505,t4724),t4550))),((t2875,t4666),t4520)),((t1151,t4023),t2224))),((((t904,(t2603,t5126)),(t1024,t4806)),t1919),((t1043,(((t2758,t5101),t1639),((((t2922,(t5391,t6239)),(t5303,t5671)),(t4617,t5244)),t4532))),((((t1595,t5167),(t5108,t5799)),(t1717,t6066)),((t1284,((t3706,(t5541,t5666)),(t4507,(t4902,t5036)))),t1926))))),((((((((t903,t4070),t3177),t3091),((((t1846,(((t2919,t5016),t4345),t3540)),(((t2469,t5048),t2040),t2428)),(((t2008,t6209),t6087),t6016)),(t1908,t2033))),t1793),(t702,(t1599,t5452))),((((t2721,(((t98,t5615),t5185),t4164)),(t2420,t5159)),(t2050,t5793)),((t1951,t6053),t5842))),t248)),((((((((t137,t5771),t983),(((((t286,(t3848,(t2605,t5832))),(((t1948,((t2200,(t4584,t5863)),t2514)),t2155),t1448)),(((t739,t5916),t1895),((((t2031,(t5254,t6271)),(t4170,t4929)),t648),((((t1545,t4251),t3486),(((t3534,(t4942,t5372)),(t3538,t5731)),t2845)),(t2761,t4890))))),((t618,(t2234,t5930)),(((((t3249,t5084),t5058),t3823),t3913),(t3234,(t3766,(t4147,t5439)))))),(t608,t2249))),((t332,(((((t1601,t5752),t5310),t2554),(t1372,t2800)),(((t1422,t3903),((t3020,(t5324,t5788)),t5051)),t1507))),((((((t692,t5566),t5508),(t3876,(t4891,t5995))),t2276),t337),((((((t480,(t5609,t5642)),(t3368,t3596)),(t2894,(t3985,t6156))),t1894),((((t4002,t4183),t4722),t3969),(((t2037,t4117),t2794),((t2655,t3481),(t3007,t4393))))),t1181)))),(((((((t416,(t4444,((t5338,t6043),t5497))),(t2088,t5190)),((((t882,t4089),(t2619,(t5120,t5762))),t3885),(t1188,t5465))),((((t557,(t3412,t5370)),(((t2368,t6207),t5489),(t3451,t5689))),(((t2092,(t4253,t5874)),t3907),(((t2815,t6101),t5928),t5535))),((t1500,(((t2677,t5691),(t5322,t5979)),t3149)),t3277))),((((t142,t5892),(t4559,t5346)),t4508),(t2410,t4618))),(((((((((t481,t5021),t4463),(t3828,(t5659,(t5866,t6283)))),t1102),(t1013,t2348)),(((t900,(t2089,t6214)),((((t1471,t4167),t3329),((t1843,t5775),(t4819,t5134))),(t1662,t2693))),((t1171,((t1467,((t3821,t6268),(t4875,t5738))),t3351)),(t1175,t2070)))),t766),t247),(((((t568,t5044),((t1994,(t2859,t4680)),t2563)),((t717,t4964),t2793)),(((t622,(t4033,t5954)),(t2386,t3092)),(((t1166,t5111),(t1168,((t4450,t6138),t5614))),((t919,(t4391,(t4560,t6278))),t3950)))),(t817,(t3189,t4235))))),((((t693,t1799),((t1563,t6276),t4354)),t3281),(((t176,t2490),(t2071,(t2596,(t4665,(t5796,t6010))))),((t1550,(((t2235,t4042),(((t2746,(t6165,t6307)),t5686),t3835)),(t2478,((t2928,t5037),t4347)))),(((t1675,t5473),(t4863,t6184)),t2374)))))),((((t3498,t4987),t1275),((((t627,((t3842,t5110),(t4657,(t6324,t6326)))),(((t1980,t5876),t4691),((t3013,(t3140,t4599)),(t3125,(t4826,t5604))))),(((t1466,t5949),t4223),((t1838,(t4287,t5499)),t2237))),((t988,(t4034,((t5102,t5903),(t5247,t6137)))),t1588))),t358)),((((((((((t1126,t5997),(t3528,t3625)),t1239),(t548,t5579)),t167),(((t2265,(((t2365,t6313),t4924),t3014)),((t528,t5388),((((t3820,t5833),t4122),(t3984,t5899)),t3892))),((((t494,t5880),((t4943,t6245),t5906)),t4005),(t2107,((t2885,t5409),(t3303,t5589)))))),t5643),((t108,(((t2019,t6217),t3707),t2459)),(((t321,t5491),((((t646,(t5457,t5524)),(t2738,t3874)),(t3220,t4366)),(t3529,(t1250,t5707)))),(t435,((t1227,t2032),((((t1362,t5571),t5200),((t3009,t6302),t5948)),(t2375,(t2437,t2908)))))))),(((((((t276,t4692),(((t3533,t5227),(t4546,t4950)),(t3634,t5268))),t3236),(((t2229,(t4471,(t4770,t6070))),(t3437,(t5673,t5839))),((t3022,t6309),t5740))),(((t1629,t5074),t3519),(t1700,(((t3129,(t5205,t6178)),t4460),(t4090,t5176))))),(t1078,((t663,(t3689,t4570)),((t3435,t6102),t4288)))),(((t1369,((t1509,t6228),t2369)),(t1230,t4429)),t879))),((((t968,t4568),t1332),(t1876,(t3475,(t3642,((t4611,t5538),t5328))))),(t1889,((((t352,t6204),(((t4165,t4879),t4572),t4340)),t3952),(t2120,(((t3464,(t4332,t5423)),t3737),(t3680,t4912)))))))),(((t488,((t2122,t6181),((t2979,(t4246,t6149)),((t3206,t3844),(t3457,(t4903,(t5010,t5334))))))),((t538,((t3740,t5627),((t5355,t6240),t5909))),((t1503,t5694),(t3713,t5411)))),((((t262,(t4155,(t5605,t5729))),(t2421,t5025)),(t755,(t3413,t3484))),(((((((((t1248,t2892),(t1885,(t2796,(t2157,(t4302,t4358))))),((t1803,(t3946,t5934)),(((t2244,t5424),(t4529,t5344)),t3162))),(t1734,(t2321,(t3881,(t4074,t5398))))),t930),((((t971,((t3949,(t4401,(t6109,t6290))),t4077)),t3389),(t2775,(t3819,t5453))),t1165)),(((t772,t5377),t3510),t2739)),(t2411,(t1770,t6269))),((((t2508,(t5387,(t5628,t6024))),t4838),(((t2587,(((t4209,t5055),t4835),((t4243,t5674),t4571))),(t3410,t5003)),t2992)),((t767,t5719),t2789))))))),(((((((t209,t5543),t5397),(t2513,(t4108,t6171))),(t667,(t1518,t2385))),(((t315,t6250),t1161),(((t522,(t3154,(t3867,((t3980,t5326),(t4199,((t4387,(t5808,t5894)),t4723)))))),(((t2256,t6247),((t3109,t5919),t4451)),(t3019,t4975))),((((t1856,(((t936,t5135),(t3489,t4702)),t2395)),t1709),(t1630,t4266)),((((t718,(t3307,t6040)),(((t2217,t6224),t4988),t3442)),(t1565,t4474)),t1555))))),(((((t227,t4205),(t2086,t3119)),((t915,t5710),(t3866,t3948))),(((t893,t4211),(t2981,t3872)),(((t1955,t6205),t3957),(t2294,t1438)))),((((t821,(((t981,(t3034,t6235)),(t3011,t4313)),(((t1750,((t2532,(t3982,t4648)),t3254)),(((t2297,t4200),((t3783,t5570),t4516)),t3768)),(((t1821,t4180),((t2773,t4938),t4609)),((t2289,t4776),t4356))))),(t951,t2895)),t268),(((t886,(((t3772,t4215),t4152),t3446)),t2251),(t1014,(t1593,(t2063,t6044))))))),(((((((t576,(t5428,t6086)),t1456),(t1436,t4399)),(t1464,t2325)),(t508,(t3302,t4831))),((((((t2770,t5018),t109),t1112),((t876,(t3318,t5581)),(t3280,t5592))),((t1101,t5459),t2068)),(t323,((t1613,(t5401,t6055)),((t1674,t5557),t5519))))),((((t293,(t3369,t4895)),(((t489,t4580),((((t748,t4447),(((t1754,t4810),(t3829,t4853)),t1657)),(t791,t5380)),(t657,t2388))),((t1019,((((t1788,t3544),t3243),t2868),t2716)),t611))),(t99,(t1393,(t3992,t5779)))),(((((t2141,t4031),t1781),t1200),((t410,t1680),t1573)),((((t916,t4204),t3549),t3241),t4417))))))),((((((((t121,(t3691,t3735)),(t3047,t5782)),((t2653,t6136),(t2896,t4809))),((t2457,(t3106,((t4685,t6210),(t4716,(t5454,t5656))))),t2994)),(((t1735,t2238),((t1180,t4921),t3805)),((t1281,(t2487,t3681)),((t1590,t4327),((t2199,t6273),t3673))))),(t696,t5088)),((((((t275,t2810),(((t2679,t4371),(t3159,t4062)),t2731)),((t4807,t5622),t920)),t350),(t2005,t3182)),((((t161,t4374),t3710),((((t709,(t4501,t5333)),t3807),t3515),(t2047,t4320))),(((t326,((t4079,t4402),t4301)),t2921),((t2520,t3328),t3178))))),((t382,(t4554,t5776)),t491))),((t499,(((t3744,t1355),t2507),(((t1157,(t3333,t4110)),(t2326,t5884)),(t2398,(((t2964,t4744),t4539),(t3803,((t5292,t6032),t5582))))))),((((((t229,t5035),((t2631,t4317),(t4153,(t4418,t5194)))),(t2564,t2661)),(((t1379,t4323),t2947),((t3513,t4543),t4284))),(((((t743,t4737),(t1916,t5713)),t1722),(t1502,((((t1946,t3012),t2943),t2762),t2736))),(t860,(t5469,(t6076,t6241))))),((((t504,((t4459,t5872),(t5104,t6094))),((((t1998,t3637),t3111),t2555),(t2196,(t4822,t5912)))),((t1207,(t3734,(t3923,t4298))),t2978)),(((t563,t2550),t3460),(t677,t4811)))))),(((((((((((((((t348,t3306),((t353,(t4978,(t5407,t5431))),(t1676,(t4689,(t5312,(t5503,t6173)))))),(((t388,t5231),(t3997,t5550)),(((t719,t5222),t1598),(t1667,t5806)))),(((((t1967,(t195,(t3986,t5481))),(t1482,t5280)),t735),((((t888,(t3312,t4080)),((((t3660,(t4591,t5664)),t1148),(t3317,t5964)),((t865,(((t2277,(t5147,t5887)),t4772),t2323)),((((t1622,t5145),(t3718,(t5118,t5907))),((t2556,t5257),(t3700,t4901))),(t2467,t6321))))),(((t1761,(t4212,t5540)),t2752),t4156)),((t818,t5932),t3702))),(((t2181,(t4454,(t4490,t6105))),t2167),t750))),(((((((((t464,t6281),t4207),t2732),(t1189,((t3051,(t3972,t4788)),t3269))),(t1056,(t2986,t5041))),(((t928,t4919),((t3789,t5754),(t5238,t5565))),(((((t1186,t6233),((t4310,t6100),t6073)),t3588),t3703),(t1226,(t4222,t5792))))),t477),((((t1041,t2835),t2781),t2000),(t907,(t1224,t3811)))),(t1449,t5772))),(((t3133,(t662,t4932)),((t2207,t5970),t2711)),(((t932,(t3232,(t4696,t6098))),t3231),((((t2270,t4231),t1937),t3049),((t2112,t5153),t2863))))),(((((((t3963,t913),t3762),((t1030,((t3951,(t5577,t5636)),t4790)),((t3118,t4725),t3993))),t3039),((((((t802,t5082),((t5017,t6170),t5366)),t4821),t4694),t3947),((t2886,t3994),t3436))),(((t173,t5867),((t1328,(t1748,(t2162,t5596))),((t1539,(t5119,t5611)),t3671))),(t2340,t1703))),(((((t264,(t2743,t4649)),(((t516,(t3889,(t4859,(t5261,t5879)))),t3377),(((t582,(((t1902,(t4406,t5712)),t3366),t2769)),((((t744,(t3286,t5087)),(t3050,t3667)),((((t1520,t4936),t3938),(t2657,((t3406,t4237),(t3684,t5136)))),t2022)),(t1427,t3150))),(t592,((t1739,(((t1746,t4745),((t2704,t5975),t4511)),((t2686,t4735),(t3764,t4436)))),(t1508,t6198)))))),(((t1287,((t1450,t2098),(t1465,t2805))),(t307,(t3697,t4832))),(((t360,((t3090,t5864),(((t2706,(t5063,t5927)),(t5425,t5626)),t4686))),(t484,t5804)),((((t445,(t3932,t5100)),(t3724,(t4959,t5356))),((t3158,(t3825,t5853)),(t3183,(t4012,t5179)))),((t871,t5724),(t3545,((t4747,t6110),t5981))))))),((t301,(t5945,t5990)),((t852,t2628),((((t2771,t4984),(t3990,t6083)),(((t3765,t5882),t5819),t4051)),(t4542,t5544))))),(((t213,(t1760,t3218)),t1836),((((((t1294,((t3522,t5828),t4575)),((t2725,(t4257,((t4782,t6328),t5685))),t5501)),t2146),(t2142,t4624)),(((t826,t5078),((t3477,t5309),t4087)),(t3076,t5408))),(((t679,t3080),t2316),(((((((t2232,t4868),((t3273,t5829),t5039)),(t3041,t4499)),t2878),(t2701,t6000)),((t1829,(t5171,t5972)),t3370)),(((t1310,t5034),(t4376,t4491)),t3320)))))))),(((((t118,(t4072,((t4142,t4655),t4565))),((t3474,t3901),(t3599,t5532))),t3006),((((t1493,(t4022,t4732)),(t3776,t5353)),t3775),((t2377,t5458),t4338))),(((t1945,(t3532,(t4321,t5383))),(t2590,((t4394,t6312),t5067))),(((t2038,t5743),t5471),t2534)))),(((((t964,t5237),t1434),(((t1195,t5553),t2066),((t2091,t5402),((t2529,t5696),t5438)))),t899),t896)),((t65,(((((((t551,(t5251,t6063)),((t4334,t6182),t4390)),(t2965,t3905)),(t2275,t5854)),((t1811,t5908),t2897)),((t1677,(t3461,t5815)),((t2757,t5129),t4426))),(((t1011,t2189),(t644,((t3582,t4728),t2255))),((t790,(t3746,t5498)),t1881)))),((t324,t4675),t4626))),((((t342,t3894),((t2015,t3292),(t2210,t4137))),(((t228,t5416),((t1628,(((t3441,t5645),((t3686,t6226),(t4487,(t4997,t5706)))),t3602)),t3212)),t892)),((((t144,(t2635,t5374)),(((t2407,t6112),(t3015,t3482)),t2961)),(t1585,t1602)),(t440,((t3607,t5847),(t4917,t5177)))))),((((((t59,(t1064,t5250)),((((t653,(t3793,t4605)),(t2310,(t3478,(t4395,t4941)))),t977),((((((t681,t4114),t3341),(t2614,((t4839,((t5311,t6148),(t5315,t6139))),t5219))),(t2352,t2580)),(((t2198,t5302),(t2524,t6203)),t5959)),t1354))),((t1077,t1809),((((t600,t6323),t5386),(t3211,t5064)),(t3175,t5820)))),(((((t1459,((t3294,t5023),t3959)),t1970),((t4620,((t2185,(t3374,t3501)),(t2494,(t3074,t5215)))),(t1155,t5898))),(((t823,t5826),t4176),(t1671,t2020))),((t2280,t3974),(t779,(t5020,t5871))))),(((t510,(((t2106,t4131),t4045),((t3750,t4227),((t3966,t4774),t4126)))),((t2642,(t2764,t5218)),((t1924,(t4904,t5733)),t4329))),((((t687,(t3989,t5845)),(t3597,(t5502,t6042))),(((t3205,t6092),t5768),t3285)),((t1548,t5360),t2901)))),((((((t2118,t1401),t1610),(t242,((t3070,t4885),t4656))),(((((t584,(t3884,(t4196,t4219))),((t1853,(t2750,((t4053,t4652),t4307))),t3376)),((t1867,t4519),((t2137,t4754),t4019))),((t1347,(t3409,(t4296,t5340))),t1296)),(t642,t1093))),((t2247,t3216),(((t2103,(t2190,t5506)),t2128),(t3171,(t2772,t5763))))),(t1125,((t3471,t5942),t5050))))),((((t1567,(((t2907,t5649),t4069),(t3086,t3759))),(t2179,(t2599,t5966))),((((t34,(((t1356,t4359),(t3480,(t4140,t4631))),((t3192,t4247),((t3342,t5191),t3586)))),(((t980,t4951),(t3485,t3964)),(t1396,t4833))),((t511,t3808),(((t2414,(((t2836,((t4957,t5637),t5542)),t4000),(t4032,(t4216,t6012)))),(t2709,((t2703,t5737),(t4324,t4808)))),((t2626,t5953),t4906)))),((((((t588,(t2329,t4234)),(t2156,t6292)),((t1531,(t4028,t4862)),(t2951,t4328))),((t740,t3927),(((t1763,(t2953,(t3373,t4050))),(((t2551,t4823),(t3910,t5210)),t3654)),((t2519,t3814),t2748)))),(((((t781,t4517),t4479),(((t955,t4386),(t3431,(t5197,(t5368,t6058)))),t3143)),(((t857,((t4677,t6104),t5856)),((t1724,t5049),((t1805,t5271),t2432))),(t1073,t2464))),t1528)),(((t1859,t5590),t2296),t2239)))),((((((t651,t4794),(((t4351,t5766),t5229),t4946)),(t3633,t5873)),(t521,t1784)),(t1584,(((t1592,t4109),(t2656,t3939)),((t2087,t3657),((t2857,((t4224,t6132),(t4715,t5351))),t3554))))),((((t518,t5654),t3794),((t1736,t5612),t4104)),(t1373,(t1514,((t2350,t5474),(t3570,t4688)))))))),(((((((((((t3301,(t4179,t4931)),t2500),(t2017,t5558)),((t3365,t5561),(t3908,((t5253,(t6106,t6118)),t5291)))),(((((t1579,t5001),(t3276,t4339)),((t1664,t4614),(t3936,(t5053,t6264)))),((t1553,t4248),t3856)),((t1111,t1704),(((t2425,(t3792,t4289)),t1808),(t1405,t4765))))),((((((t400,t2848),t2783),((((t1665,((t5175,t5681),(t5214,t5739))),((t4478,t5702),t5198)),t3922),(t2353,t2586))),(((t1597,t4948),(t3316,t4893)),((t1954,(t3062,t4738)),((t2517,((t3418,t6277),(t3623,t4261))),(t2427,t5994))))),((t3283,t770),(t2880,(t5586,t6223)))),((t2205,(t2713,(((t3032,t5818),((t4847,t6201),t5233)),(t3132,t5475)))),t1830))),((t1632,t3335),(t1713,(t3721,t5711)))),(t219,(((((t1293,(t2786,(t2980,(t4667,t5591)))),t2715),(((t1198,t5201),(t4194,(t4805,(t6141,t6218)))),(t1303,t5734))),(((t875,t2712),t1575),((t4100,t4769),(t2191,t5621)))),((((((((t664,t5273),t5069),t3548),((t2339,t5725),t4092)),(t1349,(t3237,t5514))),(((t1816,t4600),t3116),(t2268,(t5987,t6111)))),((((t571,t6311),((t3711,t5554),t4396)),(t2491,t4029)),(t1605,t2372))),(((t470,t2301),t1608),t1097))))),t1172),(((((((t1634,t6146),(((t2545,t3627),t1725),(((((((t2813,t6125),t5327),(t5075,t5718)),t3196),(t2982,t5679)),(t570,(t2962,t5008))),((t2778,(t5429,t6179)),t3284)))),((((((t578,((((t2327,t3221),((t3093,t4918),(t3855,t4230))),t2926),t1568)),((t1302,((t3934,t5512),(t4420,t5106))),(((t2243,t6177),(((t3057,t4640),(t3153,t5564)),(t3079,t5682))),(((t2768,(t4638,t6004)),(t4439,((((t4907,t6221),t5281),((t5038,t5650),t5430)),(t4930,t4971)))),((t3112,t3308),(t3173,t4410)))))),(((t1169,t5137),t2001),(t1656,(t3053,t2900)))),(((((t649,t4999),(t3854,t5843)),(((((t2166,t5113),(t3245,t3551)),((t2714,((t4448,t5133),t4707)),t3815)),t2600),((((t2202,t5736),t4484),t2516),t2298))),((t1817,t5883),t3264)),((((t463,(t2314,t6167)),(t1350,(t4056,t5838))),((t2376,((t1023,(t5902,t5973)),t5047)),((t1897,(t5122,(t5760,t6212))),((t3450,(t4286,(t5161,(t5420,t6263)))),(t3573,(t3610,t4913)))))),(((t846,(t3347,t4430)),((t921,t5297),t4203)),(t881,(t965,t4639)))))),((t636,((t2034,t5223),t3812)),((t1153,((t2505,t4431),t2902)),(t1206,t5296)))),((((t2246,(((t3944,t5662),(t4073,t5865)),t4025)),t1367),((((t1170,t4480),(t2150,(t4958,t6300))),(t1932,((t2285,t6248),t3000))),(((((t1804,t6246),t5212),(t4435,t5831)),t2384),(t2474,t3511)))),t897))),t384),(((((((((t214,(t4751,t5517)),((t2828,t6215),t3688)),(((t2067,t5345),(t2623,t3443)),t4101)),(t1389,t3476)),(t1121,t2939)),t404),((((t367,(t2391,t3560)),t1099),(t1044,t798)),(t605,((t979,t5492),(t4380,t5504))))),(((t589,t2056),((t1896,t6120),(t1837,(t3592,t3678)))),((t1327,t3665),(t2013,(t2390,((t3846,t4075),t4048)))))),(((((t355,(t3359,(t5644,t5714))),((((t4443,t4461),t5406),(t3802,t4217)),(t2266,t5860))),(((((t2788,t5300),t3810),t2865),((t3677,t6316),t3770)),(t1886,t1891))),(t534,(t2333,t3839))),((t1963,t6069),(t2366,t6287))))),(t5317,t164)),(((((t424,(t1699,t5937)),((t931,(t2809,t5414)),(((t2125,(t5381,t5875)),t4619),(t2790,(t4569,t5029))))),((t778,t5288),t3741)),(((t1139,((t2209,t4672),(((t2214,t5548),(t2723,t5246)),(((t2569,t4970),t2842),(t2687,t4721))))),t1742),(((t861,t4535),(((t1666,t6249),(((((t3174,t5855),(t4968,t5357)),t4874),(t3631,((t4226,t5850),t5046))),(t3590,t3816))),(t3883,((t5182,t5989),t5920)))),((t1306,t6265),(((t1418,(t3609,(t4186,((t4434,t5444),t5241)))),t3601),((t2304,t3349),t4442)))))),((((((((t1807,t4889),(t3309,(t5494,t5814))),t2735),t1037),(t1710,(t3577,t3619))),((((t1494,t4457),t3261),(t3035,t3851)),((t1776,t3233),t2482))),(((t1388,(t3581,t4797)),((((t2309,t6147),t4749),t3319),(t3037,t5607))),(t1751,t5678))),(t1177,((t2160,t4163),t3748)))))),((((((((t3604,t6206),t5786),((t4282,t5992),t5720)),(t20,t4400)),(((((t2825,t6230),t5515),((t3419,t6238),(t5705,t6067))),t3201),(t2937,t5971))),((t1063,(t4453,t4700)),((((t2615,t5980),t3340),((t3255,t5646),t5142)),(t1083,t3976)))),(((t2685,t2912),((t3145,(t3507,t6061)),(t3397,t4333))),(t138,t2305))),(((t125,t5584),(t2228,t6219)),t3094)))),(((((((t329,t3598),t3357),(((t3204,t6190),t5701),(t3709,t4659))),(t2549,((t3859,t6258),t4202))),t212),t1687),(((((t291,(t4166,t2057)),(t2030,t2862)),(t1263,t5523)),((t474,t5455),((((t1108,(t3036,t5128)),((t2051,(t3469,t5127)),(t2776,t3813))),(t1730,((t1961,((t4464,t6048),t6014)),t2233))),t733))),((((t1221,(t3040,t4690)),((t2222,t5608),t4752)),(((((t873,(t4009,t5941)),(((((t2322,t6262),t4668),t3324),t2662),(t2347,t6006))),(((t987,(t1701,t3226)),t1533),(((t1517,t4161),((t2504,t4208),t3428)),t2481))),((t946,t5103),t4192)),((((t1792,t3208),(t2077,t6213)),(t674,t4965)),((t1696,(t5170,(t5635,t5923))),t3954)))),((t728,t4963),((t939,(t5203,t5963)),t4629))))))),((((((((t431,(((t2026,t6052),t5910),t2925)),(((t535,t4645),(t4384,t5998)),(((t1526,t5245),(((((t1923,(t4039,t4409)),t3998),(t3847,t4245)),((t3065,t5461),t3516)),(t1866,t4613))),t2558))),((((t371,t2282),(t558,(t3714,t3788))),((((((t503,t6275),(t3945,t5744)),t3520),(t825,(t3164,t4704))),t3163),(((t1408,(t4468,t4719)),(t2747,t3344)),(t788,(t1651,t5071))))),((t344,((((t585,t4671),t3002),t2004),(((t2495,(t5060,t6164)),(t4610,(t5314,t6306))),t4129))),(((t515,(t4564,t5704)),(t2095,((t2606,(t3836,t4225)),t4252))),((t1217,t2807),(((t1953,t5166),t5160),t3382)))))),(((((t122,t5623),t3066),(((t3077,(t3113,t5313)),((t2460,t6318),t5748)),t2832)),((t249,(t3430,(t3653,t4785))),((((t1045,((t4681,t4263),t4545)),(t2169,t2958)),t2438),t1247))),(((((t1441,(t2359,t2797)),((((t623,(t2553,t6050)),t2542),(t1270,((t2131,(t4295,t4477)),((t2261,t3468),t2636)))),(((t673,t5163),t4403),(t3747,t5239)))),(((t2710,t5011),t2850),t3001)),((t430,t4495),(t1604,t4585))),(((t409,t3512),t1812),((t1038,t2168),((t1934,(t3717,(t4557,t6192))),(t2401,(t4437,t4476)))))))),(((((t726,t2759),(((t935,(t5098,t5895)),(((t3064,t5904),t4350),t4304)),((t1552,t5940),((t4004,t5988),t5379)))),(t4803,t5900)),(((t261,((t2669,t5336),t2705)),(t1229,(t1473,((t1412,(t5677,t5886)),t3863)))),t580)),(((((t272,((t2165,t2404),t1320)),((((t2730,t5755),t5275),(t2751,t5330)),t3973)),(t1133,t1277)),(((t1731,t5890),((t561,t4322),(t2184,(((t2608,(t4793,t6071)),t4187),(t3865,t4500))))),((((t989,(t3061,t3423)),((((t2288,(t4974,t5660)),(t2984,t3165)),t2496),(t3361,((t3444,t5349),t5301)))),(t1513,t3564)),(t1269,t5321)))),(((((t3411,(t3506,t5410)),t3408),((t3861,t4991),t3089)),(t1990,t5505)),t1397)))),(t5068,t3614)),((((((((t434,(t5009,t5982)),t4673),(((t1512,t4552),(t4068,t5687)),(t2518,t4927))),(t745,(((t3832,t4914),t4364),(t4414,t5911)))),(((((t573,((t2094,t4522),(t2967,(t4799,t6121)))),((t1421,(t3658,t3760)),t3745)),(((t1340,t6084),t2212),(t1383,t3613))),((((((t3942,((t4706,t5530),(t4787,t6107))),(t2171,t6202)),t2841),((t2583,t5536),((t2931,((t4589,t5967),t5096)),(t4047,t5026)))),(t2221,t2814)),(t1999,(t3128,t5955)))),((t994,((t1204,t5332),t4065)),t2673))),(t63,(t5362,t5396))),(((((t666,((t4238,t5562),t5232)),t2867),(t2510,t5595)),((t151,t6145),(((t1156,(t2745,t4265)),t1569),((((((t1562,t6185),t4933),t4756),((t4746,t5765),t4813)),t3203),(t1849,((t1936,t6124),(t4634,t5030))))))),(((t1146,t2236),((t613,t3771),((t2415,t5732),(((t2663,t5141),t3258),t2966)))),(((((t902,t5851),t5208),t4844),t3439),((t1764,((((t3801,t5993),t5385),t5019),t3999)),(t2387,(t2416,t4171))))))),((((t152,t5661),t3046),(((t1685,t5270),t4413),(((t2002,t4373),t3701),((t3567,(t4383,t5006)),((t3730,(t4456,t5057)),t4158))))),(((t85,t5619),t1192),((t1081,(t2898,t4030)),(t1402,t5378)))))),(((((((((t574,t4272),(((t220,t5721),(t4344,((((t4556,t6297),t6168),t5371),(t4771,t4935)))),(t2335,t5684))),((((t126,t5155),t5077),(t830,t5070)),((t172,((t1242,t3297),t2177)),((((t736,t6123),t3751),t3169),(t3114,(t3537,t4389)))))),t1391),((((((((((t598,(t2216,t5306)),(t1299,((t2302,t5946),(t2910,t4455)))),((((t1698,t6134),t6038),t1606),(((((((t1278,t5446),t5138),t4268),t3293),t2903),(t3343,(t2864,(t3928,t5323)))),(t2201,t4730)))),((((t1322,t4740),(t2610,t2639)),(t1865,t4576)),t880)),((t704,(t2308,(t3920,t3925))),(((t723,((((t1940,t5703),(t3664,t3690)),(((t2300,t4193),t3042),((t2974,t6144),t5634))),((t2286,t6267),t3531))),((t934,((t2241,t3496),(((t2447,t5150),t4566),(t3869,t6011)))),t1324)),((((t1358,t4981),(t4290,t4861)),(t3960,t4541)),((t1499,t3880),(t1778,t4558)))))),(((((t1626,(t5753,t6019)),t3207),(t2406,t3914)),(t1791,(t2402,t2911))),(t1560,t3352))),(((t3142,t3958),((t1609,(t2846,t4871)),(((t1819,(t4850,t5670)),(t2803,t3870)),t1938))),t181)),(((((t2240,(t3687,t3731)),(t3416,t3845)),((t1978,t5781),(t4097,t4607))),t1901),(((((t615,(((t2400,t4717),t2856),t2319)),((t2293,t3058),(((t3043,t4876),t2538),(t2818,t5364)))),((t2462,t991),t1092)),(t858,t3355)),(((t638,t1985),t1857),(((t911,t6093),(t5186,t5816)),((t1295,t3550),(((t1877,t5443),t5404),((t2780,t4099),(t3404,t4198))))))))),(t5527,t1802)),((((t222,(((t1271,t6211),t6128),((t2403,t4537),t3447))),(((((((t1669,t4994),(t4385,t4783)),t3491),t3305),(t1907,((t2397,t3398),(t2833,(t3585,t5730))))),t2254),(((t805,t3434),(t1395,(t3584,t4622))),((t918,(t1729,(((t2024,t4150),(t3502,t5413)),t2186))),(((t1454,t4311),t3621),t3618))))),((((((((t2139,(t4259,t5192)),(t1001,((t1643,((t3488,t4857),t4523)),(t1850,t4378)))),((((((t465,t6291),(t4422,t6045)),(t3381,(t4597,t5844))),((((t1409,t4705),t2942),(((t1624,t3558),t2567),t1868)),t1483)),(t2728,(t2991,(t4837,t5830)))),((t1009,(((t1681,t5395),t5123),(((t1780,t3761),((t2484,t2620),(t3452,((t3852,t4488),(t4279,t4404))))),t2109))),(t1406,(t2324,((t4660,t6099),t5221)))))),(((((t461,t4602),((t2993,t5184),t4143)),((((t941,t5929),t4493),(((t2718,t5441),t3168),t2791)),((t1714,t3527),((t2976,(t5076,t5348)),(((t4273,t4562),t4561),(t4169,t4977)))))),((((t754,t4513),(((t2272,t5289),((t2116,(t2648,t4979)),t2618)),t2096)),(((t2929,t6049),t1245),((t1943,((t2708,((t4795,t5546),(t5299,t5669))),t3873)),(t2799,(t2589,t5265))))),((t1026,t5164),((t1524,(t6020,t6331)),t4061)))),((t581,(((t2003,(t5708,t6286)),t5509),(t2440,t5248))),(t1638,t4608)))),((t756,t1375),(t2475,t4271))),((((((t241,(t3388,t5915)),(t2509,(t3067,(t3238,(t4085,t5526))))),((t1338,(t2250,t2601)),(t2135,t3705))),(t982,t4841)),(((((t1534,(t4708,t5516)),((t4035,t6115),t5450)),t4615),(t917,(t2920,t5528))),t1582)),((((t1969,(((t3543,t5597),t3773),t2766)),t2971),(((t1445,(t4469,t5217)),(t3818,(t4658,t5400))),((t2627,t5054),(t3400,t3649)))),((((((t451,t6231),t5913),t2819),(t3259,(t4581,((t5938,t6129),t6090)))),((((t2101,t5158),((t3299,t5858),t4547)),(t2700,((t2652,t4292),(t3270,(t3695,(t4392,t6296)))))),((((t2727,t4731),(t4579,t4683)),((t3755,t4849),t4017)),t2121))),((t1918,t5319),((((((t2501,t5837),t5822),t4365),t3996),t3837),(((t2613,t3899),t2767),(t2692,t3322)))))))),((t216,(t1574,t3330)),((t768,t3616),(t1098,t3364)))),(t6266,t2483))),((t874,(t3195,t5585)),(t506,t5276))))),((t225,(t3354,t4829)),(t2444,t3817))),((((((t236,t3787),((((((t436,((t1827,t3530),(t2454,t6028))),t1683),((t1660,t3589),((t2526,t5693),t3624))),(t509,t3523)),(((((t4661,t2058),t1082),t1088),((t487,((t3137,t5958),t4630)),(((t1840,(t5618,t5918)),t4939),t4644))),((((t1614,t3738),t1521),(t1458,(t4802,t5403))),t703))),((((t1772,((t2588,t5199),(t2960,((t3483,t4911),((t4188,t4525),t4236))))),(t2434,((t3105,t6031),(t3736,t4842)))),t444),t1768))),(((((t1053,t5825),t3304),((t3242,(t5000,t6183)),t3473)),(t2351,(t4494,t5991))),(((t2126,t5936),t3200),(t2343,t3407)))),(((((((t1253,(((t2423,t4341),t3655),((t2561,(t5852,t6082)),(t2899,t5567)))),(t2083,t3124)),(((((t924,t5260),t3648),(t2262,t3652)),t2044),((((((t2952,t5189),(t996,t4331)),t2906),t4945),((t1728,(t4277,t4767)),(t1832,t4233))),t5022))),((t594,t3784),(t3246,t3991))),((((t973,(((t3151,((t4709,t6299),t5151)),t3809),t3470)),(t2808,((t2821,(t3826,t3853)),(t3781,t6133)))),(((t816,t3155),(t1498,(((t3778,t5173),t4315),(t4067,t6285)))),(t2383,t4650))),(((((t453,t5290),(t1542,((t1975,(t5749,t6029)),t5568))),(t2581,t2584)),((t1008,(t2594,((t4018,t5258),t5028))),t1002)),(((t3676,(t1795,t5600)),t3379),t2489)))),(((((t459,t3868),(t2598,t2829)),(t1173,t5295)),((t757,t4335),(t3097,t5587))),((t591,((t914,(t3083,(t5658,t5926))),t2412)),(t2358,((t2913,t5746),t3719))))),((((t397,t4220),((((t1246,(t4710,t6317)),t2882),(t1334,(t2456,(t4574,(t5188,t6021))))),(t1136,t3193))),(t545,t6244)),(t2023,t5007)))),(((((((t633,(t3271,t3988)),((((t1752,t5285),t4305),(t4221,t6064)),((t3358,t6298),t5272))),((t1738,t4595),t1863)),(((t411,t5117),t3536),((((t1527,t4642),((t3763,t5206),t4864)),(((t1913,t4872),t3732),t2405)),(((((t1658,t4372),t4330),t3975),t3758),t3417)))),((((t4172,t5495),t3685),((t1244,t5698),t4637)),((t1620,((t1777,(t3571,t5066)),((t2449,((t4264,t4990),t4897)),t3977))),((((t1220,(t3887,t4527)),t3263),t2888),(t1429,t2578))))),(t289,t3052)),(t316,((t1962,t1618),(t953,(t2287,t2874)))))),((((t616,t3779),t3156),(((t3025,t5534),(t3579,t5392)),t3698)),((t495,(t2303,(t2417,(t5520,t5960)))),(((t856,t3310),(t2175,(t4440,(t5318,t5390)))),(((t1648,t4953),(t3184,t6065)),((((t2108,t4916),t4118),t3385),((((t3136,(t4798,(t5417,t5545))),((t3219,(t3796,t6172)),(((t3321,t5393),(t4764,(((t4898,t5888),t5467),t4956))),t4120))),(((t2422,t5234),t4054),(((t4144,t5951),t4229),(t4836,t5778)))),(t2271,t4201))))))))),(((((((((t536,(((t878,t5770),t4934),(t1380,t1544))),t308),(((((t490,((t1782,t6329),t4593)),(((t1279,t2617),((t1745,(t5961,t6062)),(((t4016,(t5810,t6007)),t5747),t5578))),(t1292,(t5207,t5337)))),(((t1066,t5347),t2879),((t2315,t6078),((t3838,t5931),((t4510,t5488),t5415))))),((((t1094,t4267),t2042),(t1726,t4777)),(t705,((t2064,((t3038,t5394),t5157)),t3345)))),(((t505,t6130),t4419),t1052))),(((((t1118,t6122),(t1823,(t2806,t5901))),(t2675,((t2697,t5511),(t3557,t4064)))),(t157,t4015)),(((((t379,t5079),(t3504,t6322)),(t2498,t6180)),(t3117,t3742)),(((t1196,t6079),t3503),((t1461,t5130),t2279))))),(((t116,((((t1291,t6293),t5750),(t5105,t5726)),(t2393,t5462))),((((((t1103,t6197),(t5148,t5924)),((((t3425,(t4086,(t5690,t6051))),t3931),(t3467,t4269)),(t3247,t4228))),t2318),(t530,(t4583,t5269))),(((t1211,((t2634,(t4293,t5470)),((t3640,t5012),t3987))),((((t1218,((t6023,t6320),t6068)),(t5801,t6001)),(t2396,(t2426,(((t3190,t5667),(t5267,t5426)),t5013)))),t2061)),(((t1289,t6280),(t4647,t5449)),(((t1623,t4781),(t1864,(t4128,t5445))),((t2188,(t5085,t5373)),((t1718,t4920),(t3578,t4860)))))))),t441)),((((((((((t829,t5367),t5187),t3363),((((t1820,t5121),(t2357,t4816)),((t5294,t1476),(t3161,(t4274,t5451)))),(t1578,((t2451,t5350),(t2149,t5933))))),((((t512,t5613),t4775),((((t801,t5518),t4653),t4218),((t1529,t5777),(t3850,(t5835,t6013))))),((((t884,t5836),(t1758,t3546)),(((t1243,((t3479,t6188),t4088)),t2506),(t2248,(t2658,((t3668,t5112),t4071))))),((t806,(((t1944,(t2934,((t3191,t4753),(t4370,t5984)))),((t1511,t2955),(t2085,t5228))),((((t1480,t4856),(t3073,t5795)),(t2946,t4433)),t1810))),((((t927,t5432),(t2115,t5463)),t929),((t1185,((t3157,t5962),t4241)),(((((((t2633,t5663),t5480),t5027),t4398),t3800),t3723),((t3167,t6319),t5652)))))))),(((((t3096,t5342),t4937),(((t2670,t6047),t3240),((t2812,t4123),((t3405,t5259),t4758)))),t3274),(((t640,t6127),t4734),((t1400,t5791),(t2852,(t3102,t4854)))))),(((((t327,(t6151,t6288)),t1344),(t1085,(t1690,t6103))),((t925,t1997),t1385)),((((((t975,t5601),t1225),((t1351,t4318),(((t3139,t5905),(t3606,(t4528,t5005))),(t2362,t3445)))),(((t700,t6072),(t2694,t4697)),((t1697,t4761),(t2905,t5773)))),((((t3961,t4713),t4466),t867),(t2306,(t3424,t4213)))),((((t1256,(t4883,t5859)),(t1686,(t2676,t5676))),(((t1260,t3275),(((t1767,t4407),t4007),((t2074,(t3023,t3830)),((t2527,(t5359,t5723)),t4996)))),((t1747,((t3547,t6026),t5376)),(t2413,t4094)))),t808)))),(((((((t256,t5563),(t2740,((t4791,t5382),t4989))),t2312),t1479),((((((t2223,t6243),t3669),t2450),t4423),(((t1046,(t5434,t5442)),(t3566,(t4055,t5552))),t2392)),(t952,t4512))),(((((t1981,t5735),(t5277,t5513)),t5168),(t1995,(t5256,t5914))),((t583,(t3095,(t3348,t4082))),(t2924,((t3045,t5089),t3313))))),(t2970,(t3187,t4325)))),((((t259,t4712),(t1561,((t2497,t5633),t3563))),((t1472,((t3841,t5482),t5014)),((t2082,(t5286,t6284)),t3785))),((t1417,t3696),(t2245,t5551)))),(t1131,((t141,(t3465,t4540)),(t1898,(t3924,t3968)))))),(((((((((t362,t4627),(t3756,t6242)),((t1815,t5224),((t1842,(t3487,(t5510,t5809))),(((t2458,t5787),((t4679,t5789),(t5092,t6153))),t3858)))),((((t1176,(t2195,t5304)),t1022),((((((t1158,(t6018,t6222)),(t4986,((t5109,t6229),t5917))),t4733),((t2977,t3682),((t3081,t5594),t5083))),((t1187,t5496),((t4206,t4379),t3055))),(t3580,(t5354,t6080)))),(t1106,t4855))),((((t658,(t4428,t4676)),t2025),t1947),((((t1316,t2936),((t2338,t4250),t2804)),t1839),t1556))),(t1523,(t3004,t3833))),((t496,(t2378,t4240)),((((((t1257,t5870),t4254),(t2540,t6305)),((t2443,(t2876,(t3727,(t5263,t5602)))),(t2552,t4174))),(t2295,(t3587,(t3639,t4388)))),((t1762,t2749),t2379)))),((((((((t1392,((t2726,t3391),t3332)),(((t427,t4982),t4438),t2597)),(t2855,t4536)),((t689,((((t1311,(t5181,t5625)),(((t3033,t5202),t4515),t4239)),t2574),t1779)),((t974,t5893),t3930))),((t661,(t1297,t2441)),(t868,t5588))),((((t531,t5939),t3202),t1860),(((((t716,t4091),((t1872,(t1973,((t2909,t6200),((t3170,t4601),(t3396,(t4066,t4830)))))),t2858)),((t2080,t4361),t2468)),(t1641,(t2029,t5977))),(t725,((t4851,t6035),t5478))))),(((t437,t2724),t895),(((t753,t6279),(((t1027,t5943),t1903),((((t1790,t3679),t2492),t2226),(((t1203,t4160),(((t2585,t4594),t4670),(t3906,(t6261,t6289)))),t1884)))),(t2530,(((t2539,t5950),t4887),t3912))))),(((((t117,(t4309,(t4877,(t5172,t5695)))),(t3176,t4621)),((((t2480,t5097),((t3295,t6196),t3336)),(t3432,t3186)),(t2798,t5727))),(((t1015,t5798),(((t2975,t5320),t4502),t4197)),(((t2341,(t4083,t5266)),(t3576,(t4714,(t4899,t5758)))),(((t2837,t6216),t5274),t5193)))),((t948,t3638),((t1255,(t3494,t5672)),(((t2021,(t4711,(t5921,t6085))),(t2356,(t3933,t4145))),(t2147,t5343))))))),((((t238,(t3325,(t4504,(t4773,t5620)))),(t1167,((t1202,((t3500,t5824),t4168)),(((t1732,(t5169,t6270)),(t2638,t5869)),(((t2334,t6005),t5433),t2342))))),t1122),((((t517,t4297),((((t2140,((t2291,t6150),(t2515,t4415))),((t2144,t3390),((t2801,t5556),t5522))),((t1414,t5139),(t1474,(t2671,(t4125,t4587))))),((t984,(t4149,t4604)),(t1216,((((t5242,t6009),(t1554,t5745)),t2643),t2220))))),((((t1016,t5225),t4369),t3031),(((t2218,(t5464,t5575)),(t2336,((t2741,t4674),t3256))),t1430))),(((((((t3199,t5790),t4796),t4703),(t473,(t4548,t5165))),(t2672,t6236)),(((t1721,t4664),t3888),(((t4148,t4852),(t4306,t5742)),((t2851,((t5114,t6186),t6108)),t2361)))),(((t1440,t5861),(t3224,t5849)),(((t1682,t5209),(t3071,t4896)),(t1915,(t1983,(t5999,t6060)))))))))),(((t1259,(t135,t4966)),(((t2945,t4294),t1423),(t1089,(((t2053,(t4452,(t5699,(t6075,t6260)))),t3632),t2668)))),(((t354,t2455),((t1992,((t5252,t6116),t5264)),(t2363,(t3791,t5389)))),(t414,(t3786,t4940))))),(t501,(t493,t1619)))),(((((((((t1519,(((t1637,(t4526,t4553)),(t1882,t4319)),(((t1826,t5827),t5811),t2684))),t407),(t926,t5881)),(((((t420,t3666),(((t1443,t1911),t2163),t1132)),((((t2602,t3326),(t843,t5307)),((t1631,(t2698,t3327)),((t2076,t5412),t5095))),(((t1086,t4763),((((t3798,(t4177,t4743)),(t4115,t4969)),t3583),(t2927,t4189))),(t2430,t6159)))),(t708,(t2439,(t4878,(t5178,t5422))))),((((((((t1420,t6256),t4828),t3898),t3179),((t1692,t4632),(t2525,(t3290,t5479)))),(t3248,t4514)),((((((t1006,(t3827,((t4181,t5287),t4352))),t2651),(t2565,(t3917,t5573))),((t3617,t5653),(t3541,t4467))),t2267),((((t1647,(t4058,(t4718,t5965))),((((t3166,t6158),(t4759,(t5056,t5468))),(t4276,t4818)),t3287)),(t2176,(t3072,(t4840,t4944)))),(t1921,t4780)))),((((((t960,t6295),t6194),t5549),t5308),t3729),(t3197,t4497))))),((t183,t2659),((t1510,t2954),t2204))),((t140,((t1184,(t1615,t3060)),(t1154,t5080))),(((((t954,t6169),((t1398,(t4886,t6017)),t3935)),(((t2499,(t3180,((t4892,t5957),t5316))),t3252),((t1652,t5896),((t1711,(t4154,t5885)),t2824)))),((((t406,(t6095,t6253)),t4256),((t3495,t5638),(t5361,t5794))),t1054)),((((t351,t3646),(((((((t2493,t5848),t5437),(t3983,t4786)),((t3490,t5639),t5093)),t4446),(t3253,t3694)),(t3100,(t3138,t5375)))),(t1135,(t1223,t2707))),(((t819,t5630),t1922),(t1091,(t998,t6303))))))),((((t4846,(t5002,(t5574,t5800))),t55),(((t637,(t4980,t6175)),(t4533,t5709)),((((t1361,t6041),t4210),((t3518,t5857),t4651)),t2544))),((t628,t4900),(t1646,(t2999,((t4011,t6234),(t4013,t6272))))))),((t438,(t3338,((t3526,t5889),t4482))),(t1546,((t2537,t3692),(t2972,t4908))))),t311))));
data/birth_death/5000/model_trees/bd.6.model_tree	data/birth_death/5000/dcm_source_trees/100/bd.6.source_trees	4.752832412719727	4.32	0	0	1.0	0	0	1.0	(((((((((((((((((((t381,(t1225,t5721)),(t948,(t4792,t4796))),((((t925,t5966),(t479,t3605)),((t919,t1659),((((t1983,t5314),t5035),(t3911,t5942)),((((t2682,t3920),(t4341,(t4498,(t5090,t5949)))),t3564),t3069)))),((t820,t4256),((((t905,(t5315,t6224)),t5177),((((t1347,t5439),t4199),(t2705,t4447)),((t2049,((t2536,t3742),(t2729,((((t3205,t5930),t4764),t4665),(t3986,t5091))))),((t2242,((t5273,t5442),t5387)),t2658)))),(((t4732,(t934,t5504)),t4165),(t969,(t1599,(t1770,(t2876,t4631))))))))),((((t1258,(t4974,(t5164,t5173))),t232),((((((t1418,t6079),t4308),(t2654,t4568)),((t775,t3079),((((t2757,t4571),t1965),(t2443,(t4177,(t4250,t5292)))),((t3038,t6015),t4910)))),(t884,(t5345,t5957))),((((t818,t5052),(t3266,t4549)),t2961),((((t1809,t6182),t4609),(t2420,t3713)),(((t1345,t5829),(t2727,t5126)),(t3855,t5619)))))),t3220)),(t494,(((((t179,t4104),t2490),t1950),(((t1900,t5468),t4751),t2254)),((t3023,(t3212,t3745)),t5149)))),((((t115,((((t990,(t5803,(t6183,t6212))),(t2894,t5245)),(t3686,t5297)),(t1324,t3991))),(((t1775,t5775),t3565),t2028)),(((((t1810,(t2814,t3193)),(t2726,t4836)),(t3386,t4086)),((t1672,(t4892,t5809)),(t2620,(t3546,t4824)))),t3681)),(((t1170,t4905),(((t611,t5841),t5541),t3436)),(((((t893,t3971),(t3943,t4624)),((t2535,t5594),t3698)),((t2187,(t3614,t5853)),(t2264,t5028))),t1344)))),(t1276,((t632,t5985),t4257))),(((t137,((t1112,(t3461,t4834)),((t2434,t4335),(t2986,t4778)))),((((t2267,t4377),(t804,t4583)),(t178,((t1578,(t2702,(t5280,t5641))),(t1707,t4340)))),(((((t1307,t2974),(((t2163,t4431),(t2839,t4206)),(t2409,t3533))),t1309),((((t539,t3918),(((t974,t6109),(((t4491,t4864),(t4248,t5061)),(t2647,t5119))),(t2808,((t3264,t6030),t4653)))),((((t2097,(t4219,t6157)),(t2616,((t2668,t5082),(t4198,t4567)))),((t2077,t4948),t4025)),((t879,(t3369,t6123)),(t2382,(((t3121,(t5021,t5701)),t4682),t3628))))),((t3268,t4806),(t546,t5533)))),(((t468,((t4043,t5620),(t4168,(t4880,(t5330,t5845))))),t3115),((t688,(t1346,(t2594,t4687))),(((t834,t5167),((t3765,t6063),((t5099,(t3946,t5346)),(t4024,t6139)))),(((t1821,t1815),(t2922,t4575)),(t1424,(t4704,(t5606,t5627)))))))))),((((t96,(t3213,(t3279,t6024))),((t1032,((t3300,t5607),t4855)),((t2625,((t3045,(t3758,t4383)),t3134)),(t2637,(t5041,t5784))))),((((t301,t5493),(t2663,t5579)),(((t1480,t2261),(t1812,t4443)),(t1737,(((t2590,t3788),(t3292,t4015)),(t3196,t4758))))),((((t584,t5181),t4741),t1780),(t1135,t3821)))),(((((t453,t2614),(((t1115,t5564),t3763),(t1458,t2106))),(((t1549,(t4396,(t5428,t5462))),t3995),((t1311,t4158),t4108))),((t682,(t936,((t1869,t4637),(((t1986,(t3239,t4296)),(t3198,t3626)),(t3124,t5960))))),((t4345,((t4380,t5893),t5886)),(t4052,t6217)))),(((t240,(t3482,t3620)),(((t929,(t3769,t5205)),t2514),((t1903,t5085),t3250))),((t540,t2924),((t2390,t2746),(t2479,t3428)))))))),(((((t1359,t5175),(t38,t3470)),(t1042,t3026)),(((t1727,(t5288,(t5340,t6153))),(((t3541,t6004),t5578),t5069)),((t1791,(t2294,t5113)),(t2239,t4429)))),((t870,t2599),((t736,t4854),(t2268,t5151))))),(((((((t377,(((t1512,t4886),t2567),(t1500,t3284))),((t1010,(t2735,t5327)),((((t2015,t5487),(t4748,t6200)),(t3899,(t4303,t5266))),(t2696,(t4995,t5577))))),(((((((((t2030,(t3091,t5884)),((t2618,t4375),(t2854,t4830))),((((t1206,t5866),t4187),t5019),t2388)),((t1179,(t1630,t1887)),(t1573,((t1979,t5096),t3964)))),(((((((t5162,t6093),t1110),(t4243,t5534)),(t3492,t5075)),((((((t1393,(t5213,t5246)),(t4540,t5750)),(t4477,t4916)),t3473),((((t2103,((t4602,t5835),(t4756,t4913))),t3100),(t2871,t4812)),(t2844,(t3671,t6159)))),(t1304,t5729))),t943),(((t1058,(t3867,(t5965,t6051))),((t2247,((t4211,t6000),t4809)),(t4141,t5452))),(((t2284,(t3274,t5128)),t1415),((t2131,(t4563,t5602)),t3242))))),t649),(((t776,(t3393,((t3968,t5935),t5406))),(t3531,(t4646,t6023))),(((t991,(t2965,t3378)),(t2641,t3826)),((t1252,(t3583,t4390)),(t3514,t3872))))),(t1700,t5435)),(((((t3135,t5748),t3992),t643),t1559),((t1130,t4998),(t2328,(t5036,t5722)))))),((t791,(t2336,t4594)),((t467,t3787),((t1465,(t5554,t5836)),(t2222,((t2270,t5055),t2524)))))),((((((((((t389,(t4763,t5824)),(t4421,t5911)),t2092),((t760,t3829),(t652,(t3089,t5117)))),((t202,(t4554,t6031)),(t4395,t5034))),((((((t2467,t4040),t2972),((t2246,t3229),(((t2659,t5950),t5079),(t3497,t5226)))),t1381),((t832,t3882),((t2027,t5293),(((t2569,t5613),t4426),(t3835,t5133))))),(t3499,(t238,(((t873,t5285),(t5078,(t5837,t6036))),((((t2513,t4144),t3725),(t3392,t6172)),(t3059,(t5494,t5576)))))))),(((t237,t4022),((((t1750,t5920),t5412),t4138),(t3619,t4680))),(((((t598,(t4644,t6080)),t1472),(t995,(t5317,t6055))),(((((t740,t5895),t4650),(t4027,t4495)),(t4696,t5278)),((t1411,t2061),((t1691,t5263),t2029)))),t574))),(((((t628,t6075),(t2167,(t2184,t4258))),t1169),(t605,t4939)),(((t1199,(t2526,t5047)),((((t1964,(t3371,(t5104,t5783))),(t3331,(t4529,t4615))),((t3471,(t5005,t5237)),t2368)),(((t2189,t4133),(t2596,t4523)),((t2436,t5093),t4434)))),(((t316,t6101),t4334),t2474)))),(((t537,((t363,t3592),t3225)),(((t382,(t580,(t4949,(t5472,t5520)))),((t621,t4769),(((t2825,t5542),t4297),t4841))),((((t300,t4860),t3951),((t1336,t3068),(t2322,(t4080,t3780)))),(t1019,((t3572,t5789),t4800))))),t1994)),(((t167,t5381),((((t482,t5530),((t1930,t4709),(t2054,t5831))),t1892),t1291)),((((t1267,((t1382,(t3970,t5192)),(t2688,t5747))),((t1496,t5822),(t3928,t4436))),((t825,t4167),t4553)),((t1561,(t2166,(t3931,t6028))),(t1023,t5152)))))),((((((t583,(t2564,(t5503,t6054))),(((((t1643,t4932),(t4472,t5782)),t2340),(((t3015,t5017),t4557),t3860)),t2861)),(((t2999,t4739),((t933,t4193),t3037)),(t1844,t5507))),t1621),(((((t208,t5543),t2605),(t1376,(t3385,((t3807,t4328),t4191)))),((t689,(((t1522,t4993),((t2734,t5858),t4042)),t2643)),((t1904,t2752),(((((t2471,t5450),t4424),t4026),t3956),t3554)))),((((t563,t4010),(((t1645,t2418),(t856,t6114)),((t3875,(t4745,t6039)),t3998))),((t1282,(t3304,t5042)),(t2361,t6235))),(t668,t2903)))),((((((t1540,(((((t978,t5796),t5759),(t4041,t4280)),t3014),((t1615,t5977),t5702))),((((t2225,((t3216,(t5000,(t5095,t5786))),(t3519,(t3819,t4547)))),((t2202,t5865),t5833)),((t1872,t4946),(t3231,(t4254,t6227)))),((t1804,t5648),(t4378,t5161)))),(((((t588,(t3792,t5679)),t2981),t2642),(t1581,t4178)),((t3374,(t4950,t5233)),t1574))),(((t729,t5725),t5336),((t464,t1789),((t916,t4314),t3640)))),((((((((t1933,(t5408,t5681)),t5281),t4750),((t2662,t6229),(t4317,t4509))),t2348),(t2020,t3177)),t460),((t1469,t4722),(t2201,t5183)))),t2063))),(((((((t368,t4873),((((t425,t4185),((t3191,(t6048,t6140)),(t3557,t5651))),(t843,t4399)),((t746,t5646),((t5342,t5969),t5567)))),(((((((t480,t6019),t2066),((t1375,t4288),((((t1383,((t4508,t4713),t4586)),((t3467,t4007),t3570)),t1925),((((t1575,t3272),(((t2895,t6175),t5859),t4053)),((t2141,(t5573,t5743)),t4903)),t2024)))),(t2928,(t3290,t6044))),((t827,t5629),(t887,t6104))),((((((t1209,((t3601,t5814),t4119)),(t3277,t3833)),((t2829,t5518),(t4474,t5097))),(t2747,t5585)),((t2125,t6174),(t2175,t2330))),(((((t1212,t5668),t4379),t3327),t2777),t2966))),(t1020,(t5309,t5861)))),((((t1451,t5230),t215),(t1253,t5229)),(t780,t5659))),((((t2391,((((t1604,t5926),t5855),t4485),t2799)),t1191),(t1334,(((t3299,t5883),t4934),t3612))),(((((t1709,t4729),(t844,(t3799,t5160))),(((((t2973,(t3525,(t3838,(t4479,(t5402,t5653))))),t2674),(t2457,(t3208,t5222))),t1355),t2342)),t1329),(t1280,(t2653,((t3233,t5773),t5481)))))),((((t1364,(t5508,t5694)),t5180),t3575),t79)),((t1631,t6037),t484)))),((((((t75,t2783),t1034),(((((t404,(t3359,t3630)),t3130),(((t2740,t4247),(t3577,t4031)),t3180)),((t4268,t4820),t5672)),(((t509,t5810),t3513),t3355))),((((((((t451,t5742),t4574),((((t4327,t4670),t5284),(t2699,t3728)),(t2597,(t6151,t6154)))),((((t1283,t3978),t2403),(t1655,t2231)),t1333)),((t1259,(t4122,t5902)),(t4028,t5385))),((t1083,(t2919,(t3414,(t3861,(t4661,t4723))))),((t3105,t5756),t3185))),(((t903,t2610),t2385),((((t2039,t5224),(t4725,t4888)),(t2949,t4192)),t2585))),(((t767,((t269,t5999),t2258)),((t2206,((t721,((t3710,t5527),t5002)),((t2215,t4215),(t2554,(((t3275,t6188),t5286),t5178))))),(((t4467,t5765),t4612),(t3903,(t4169,t5919))))),((((t276,t5365),t3900),(t2989,(t4737,t5877))),(t823,(t874,((t3001,t5107),(t3700,(t3731,(t5746,t5781)))))))))),(((t218,t6128),(t1044,t5711)),((t291,t6082),(t2498,(t2898,(t3613,(t5792,t5887))))))),(((((t60,t3530),((t3103,t5801),t3683)),((t614,((t3009,t5056),t3974)),(t829,(t3702,t5294)))),(((t2012,(t2454,t3737)),(t2615,(t3456,t4550))),(t962,t4629))),((t687,((t442,t5376),(t2108,t4657))),(((((t3500,t5713),t4478),t529),t2362),(((t1543,(t2765,t5479)),t2432),(t1765,((t3083,t4996),t4639)))))))),((((((((t20,t4968),(((((t786,(t3921,t5062)),(t3961,t5362)),t2678),(((t1795,(t3012,(t3360,t3520))),t2601),((t2038,(t2221,t4883)),t4348))),t1475)),(t781,((t1085,t4951),(t2823,(t6033,t6178))))),(t683,(t3586,t4635))),((((t705,t5220),(t3317,t4773)),(t840,((t970,t3631),(t2701,t3674)))),(((t666,(t4107,t4918)),((t1001,((t2056,t6138),t6010)),t1798)),(t1269,(t941,(t4744,(t4851,t6102))))))),(((((((t1372,(((t2795,t5708),t4365),((t3777,t5480),t4648))),(t744,t4179)),((t1103,t1696),(t2042,(t3249,t4353)))),(((((t332,t5051),(t3426,t6163)),((t1751,t2525),t2422)),(t1464,t4898)),(((t1108,t5492),t2351),(t1985,t4925)))),((((((t595,t2884),(t1753,(t3022,t6053))),((t1567,t4935),(t4050,t6206))),((t869,t5973),((t942,t5552),t2942))),((t794,((t2878,t5614),t5605)),t2862)),(t1348,t3678))),(((t1654,(((t459,t5092),t5040),t3297)),(t1442,t3366)),(t734,(((t3194,t4681),t4360),(t3904,t5251))))),((((t623,(t5068,t5589)),t3122),((t712,(t2168,t2720)),(t2034,t5108))),(t1234,(t2998,(t3298,t3342)))))),((((((t1295,t6221),t95),(t596,(((t44,t6118),(t5194,(t5352,t5940))),t3509))),(((t94,t4020),(t3597,t4147)),((((t1097,((t4451,t4818),(t4506,(t4960,t5464)))),(t4153,t4797)),t2032),((t1327,t1921),((((t1328,t2395),((t2376,((t4014,t5122),t4692)),t3109)),((t3149,t3891),t2316)),((t2096,t2627),t3368)))))),(((((t303,(t3448,t3667)),t660),(((t395,(t2540,t5497)),((t2140,t5360),(t1611,(t4373,(t4492,t5447))))),((t938,t5854),((t2040,(((t3747,((t4688,t5456),t5212)),(t4188,t5356)),(t3768,t4595))),t3280)))),(t418,t2880)),(t120,(((((t4202,t2719),(t2176,(t3750,t5084))),((t2291,t4182),t2907)),((t1551,t5038),t1801)),((((t589,t6125),t4879),(t2548,((t2750,(t5696,t5846)),t4224))),((t785,t2826),(t650,t4449))))))),(((((t361,t3445),t2370),((((t1392,(t3018,t3201)),((t1576,t4828),(t2477,(t3158,t3167)))),(t1571,t3865)),t3644)),(((((t274,((t4463,t5304),t4717)),t3676),((t2703,t3975),t2933)),((((t731,t6066),(((t1566,t4082),(((t3623,t3915),(t4668,t5849)),(t2918,(t3840,t4690)))),((t1699,t3459),(t2091,t6147)))),(((((t756,t3415),(t2631,(t3984,(t4404,(t5086,t5348))))),t2371),((t1973,(t3669,t4037)),t3594)),(t1626,(((t2223,t4719),(t4394,t5023)),t3479)))),(((t2373,t2997),(t745,t2533)),(((t1510,(t5979,t6132)),t4552),t4235)))),(t450,t4940))),((((t343,t4230),t3886),t176),t1597)))),(((((((t102,((t2809,t6164),t3489)),(t617,((t1847,(t2109,(t5390,t5664))),(t2507,t3716)))),(((((t3421,(t431,t6228)),(t1717,t5478)),(((t1928,((t2990,t4876),(t4381,t4570))),(t2851,(t4045,t4581))),t4589)),(t1681,((t3561,t4757),t4278))),(((t1106,t2693),t2563),((t1351,(t4489,(t5138,t5357))),(t3825,t4450))))),((((((t1208,t2732),t1729),((t1306,(t2508,((t3162,(t5358,t5537)),t4054))),(t2784,t5571))),(((t423,t5515),t4214),((t2789,t5860),t4184))),((t1128,t3054),(t1896,t4194))),((t4032,(t4285,t5106)),t3809))),(((((t267,t6091),t3316),(((t1111,t4520),(t1947,t4911)),((t1913,t6067),((t2037,t5838),(t3040,t4569))))),(t3718,t6219)),((t383,t2958),((((((t474,t4298),(((t2180,t4269),((t3785,t5242),t3388)),(t1834,(t5227,t5306)))),(t1292,(t3349,t3734))),t968),t888),(t2944,t815))))),(((((((t27,t5257),t1993),((t1314,(((t3311,t6189),t5788),(t3938,t5015))),(t1162,t4850))),((((t777,t5604),((t1287,(t3790,(t4143,t4914))),(t1518,t2489))),(((((t542,(t3549,(t3555,(t3873,t5448)))),(t1598,t5221)),((t1396,(t4484,(t4544,t4578))),t4048)),(t1118,(t3806,(t3926,t5018)))),(t1099,t5608))),((((t2671,t553),(((((t1236,t5449),t5124),(t3031,((t3043,t5818),t3562))),(t2308,t3824)),(((t1388,(t3907,t5026)),t2635),((t2285,t3560),((t2411,t6198),(t4937,t5457)))))),(t846,t1101)),(((((t792,t4734),t4271),(t2200,(t3753,t4059))),(t1585,(t2834,((t3752,t5320),t4322)))),(t1811,t2312))))),(((t364,t3881),((t3402,(((t4066,t5598),t5359),t4200)),(t3781,t4811))),t2380)),(((t309,t4805),(((t2629,t5878),t4989),t3616)),((t883,(t5372,t5633)),(t1527,((t2280,t5338),t2429))))),(((((((t3357,(t281,(t4497,t5546))),t2440),((t2144,(t3082,t3707)),t1996)),(((t1137,t6120),(t2868,t4652)),(t2550,t4145))),((t2297,t3704),t2801)),(t170,t4780)),(((t465,(t2181,t6115)),(((t2046,t5269),((t3197,t5678),t3247)),(t3967,t4587))),(t1503,t5218))))),((t295,(t3422,t5474)),(((t307,(t1037,t2955)),t434),(((t365,t2389),((t634,((t2379,t4673),t3658)),t1224)),(((((t2820,t2451),(t1923,t2339)),((t3116,(t4746,t5271)),t3485)),(t1403,(t3004,(t4790,t5272)))),(t999,t2101)))))))),((((((((((((t378,(t2742,t1944)),t1820),((t1365,((t3207,t2136),((t2824,t3997),(t3053,((t3932,t5182),(t4906,t6058)))))),(((t1819,t5959),t4244),t1835))),((((((((t585,(t5905,t6124)),t5461),(t3156,t5377)),(((t1057,t3639),(t1932,((t2870,t5231),((t3350,t6167),t5029)))),(t1301,(t2623,t5952)))),((t1043,t4001),(t3203,(t3908,(t4095,t4162))))),((t908,t3914),((t1068,t3916),t1174))),(((((((t826,t4985),t4928),t4827),(t3980,t5947)),t2744),(t1412,(t1647,t3210))),(((t1878,(t4754,t5707)),t2271),(t1971,((t3050,t4638),t4039))))),(t1274,(t4142,t4228)))),(((t1251,t5617),t2045),(((((t2354,t5891),t3587),t2920),(((t2207,t5799),(t4403,t4783)),t3537)),(((t1730,(t4465,t5752)),(t3142,t5120)),t2803)))),(((((((t206,(t4468,t4981)),t4186),((t1502,t4877),((((((t2124,t5466),(t3985,(t4252,t5652))),(t3793,t5087)),(((t3187,t6168),t5373),t3646)),t2937),t2296))),(t1215,((t1369,(t4319,t4524)),(t3779,(t3910,t4077))))),(t1168,t4817)),((((t741,(((t2004,(t5059,t5253)),((t2822,t4507),(((t3569,t4990),t4439),t4129))),((((t2279,t5986),t4525),((t2982,t4862),t3179)),((t2738,t4991),((t4372,t6190),t4933))))),((t1649,((t3804,t5731),t5112)),(t2517,((t3221,(((t4092,t6234),((t4941,t5639),t5303)),t5037)),t3999)))),(t1439,(t4223,t5970))),(((t1421,t1710),(t1800,(t2496,t6135))),t1088))),(((t194,t5426),t1736),(t1155,t1901)))),((t738,t2626),(t1242,t3168))),(((((((t320,t4157),((((t2064,(t2806,t3534)),(((t1668,t5888),(t2665,t4620)),(t1840,(t3230,t5956)))),((t1194,t3439),t1407)),(((t778,(((t1437,t5524),t4678),(((t1678,t3648),t3169),(t1397,((t4023,t5631),t5398))))),(t1153,(((t4212,t5710),t4907),(t4515,t4667)))),((((((t1288,t5699),t4461),t987),((t1127,t4367),(t2736,(t4923,t4936)))),((((t1676,t5872),(t5640,t6110)),t4929),(t3107,(t4770,t5477)))),(t4413,(t5141,(t5673,t5869))))))),(((t327,t5772),(t2143,t2782)),((t985,(((t2530,t5111),t3766),((t3189,t3757),t3544))),t1941))),((t243,(t3137,t6020)),(((t899,(t5767,t6121)),t3218),(t1129,((t2621,t5804),t3267))))),((((t201,(t4832,t5395)),((t2497,(t3384,t3518)),((t5998,(t2849,t6089)),t5073))),t1233),(t698,t4531))),(((t140,t4482),(t2484,t2704)),(t769,t2685))),(t3820,t73))),(((((t4538,t5255),(t3478,t6116)),(t2060,t3960)),((t1605,(t3762,t5618)),(t1948,(t3306,t3906)))),((t1132,t5967),t4430))),(((t1961,t5790),(t24,t5864)),((t2402,((t3423,t4398),t3948)),(t3048,((t4357,t6069),t4861))))),(((((((((t136,(t1757,t2383)),t1546),t1051),(((((t801,t3924),t1548),t2427),(((t1158,(t3732,(((t4075,t6199),t5901),t4490))),t3659),(t1874,(t1891,t4172)))),(t1322,(t2651,t5933)))),(t625,((t3895,t5378),t3954))),(t397,t4290)),((((((t216,(t4294,t5322)),(t1228,((t2099,(t2611,(t3913,t4784))),((t2314,((t3343,t4839),t4264)),t2324)))),(((t966,(t3760,(t3843,t3896))),((t4471,t4895),t2763)),((t1261,(t2923,t5889)),t3841))),((t2439,t5863),(t4154,t4593))),(t311,((t1716,t3411),(t1759,t3755)))),((((t635,t5812),t5469),(t4537,t5943)),t1882))),t560),((((((((t564,t5693),((t4598,t6216),(t5313,t5551))),((t2867,t4470),(t3303,(t5734,t5798)))),((t2781,t5603),t3003)),t783),t3909),(((((((t438,(t4438,t4747)),((t3606,t5917),t5764)),t3377),((((t2670,t6064),t3596),t3252),(t2925,(t5265,(t5446,t5584))))),t1813),((t2979,t4097),t3401)),((((t833,t5368),(t4742,t5445)),((t646,(t4419,(t4658,t4992))),(t3851,(t4634,t5219)))),((t2241,(((t1387,(t6050,t6209)),t4708),(((t3073,t5964),t3460),((t3074,t5674),t5031)))),(t1181,((t4919,t5981),t5559)))))),(((t352,t5516),((((t697,t2906),(((t1277,t5739),(((t1927,t5382),((t3641,t4878),t4005)),(t2756,t3227))),(t1876,(t1586,t4412)))),((t3528,(t3706,t5718)),t2993)),(((t711,(t3251,(t5974,t6046))),((t2818,(((t4607,t5830),t5670),t5238)),(((t4368,t5685),t4810),t4647))),(t2552,t4238)))),(((t526,t5766),((t2307,t4987),t4897)),((t2211,t2837),(((t1570,t5244),t4560),t4146))))))),(((((((((((t511,t5190),t4388),(((t889,t4759),t3356),((((t1298,t5350),t2780),(((t1873,(t4956,t5733)),(t2712,t5274)),(((t2578,t4965),t4766),t3784))),(t1657,t5195)))),(((t1461,t6185),(t1958,(((t1989,t5649),t4833),(t2904,t3934)))),(t1005,t3265))),((t19,t5851),t4374)),((t349,(t3373,t3568)),(t2445,t3095))),((((((t1161,t5735),t5383),(t4513,t5827)),(t3877,t4105)),((t2269,t4535),t3608)),(t354,(t2161,t4343)))),(((((((t245,t4135),t3898),((t2934,t5484),t4857)),(t1483,t4437)),(((((t2293,t4435),t3551),t3434),(t1244,(t4083,t5881))),((t1389,t4868),(((t1523,(t4908,t5561)),t3047),((t2481,(t4190,t5256)),(t3726,t4633)))))),((t521,t3610),(t3143,t4980))),(((t415,(t1794,t5962)),(t420,(t2110,t2812))),t1167))),((((((t71,((t3188,t6103),t3687)),((t2405,t3783),t2960)),(t1682,t6203)),((((t1665,t2277),((((t2159,t4336),t2899),((t3672,t4364),t4266)),t853)),(((t967,t3358),t4277),t1091)),((t336,(t4051,t5800)),(((t915,(t3936,(t5550,t5612))),t1580),((((t4526,t1426),t2482),t2002),t1629))))),(((t719,t3647),((((t1741,((t4791,t5852),t5392)),t3051),t3006),t2266)),(t1410,(t1917,t3010)))),((((t3319,t5001),(t4999,t6065)),(t2196,t5267)),(((t1026,(t3801,(t5012,t5913))),t322),(((((((t739,t5857),t2984),t2970),(t1145,(((t1702,t5544),(t4659,t5539)),t4610))),t1013),((((t2835,t6111),t5089),((((t1787,t5918),t5166),t4768),((t2236,((t3029,t5312),((t3141,t4073),((t3542,t5643),(t5465,t5657))))),(t2721,t4359)))),(t1188,(t3335,(t3744,t5751))))),(((t644,(t5941,t6099)),t5335),(t3352,t4176))))))),((((((t413,((t4733,t5401),((t4920,t5172),t4927))),((((((((t1526,t6202),t2008),((((t2085,t2579),t2377),((t1849,t3024),t2463)),((t1848,t5291),((t4675,t5955),t5547)))),(t684,t2400)),((t3287,t495),(t2276,(t2364,(t2619,t6230))))),(((t651,((t4642,t5610),(t4795,t5763))),((t2889,t4867),((t3101,(t5289,t5384)),t4242))),t1285)),((((t1150,(t3469,t6112)),((t2587,t5065),(t3035,(t3717,t3571)))),(((t1373,t5421),(t3796,t6041)),(t1394,((t2437,t4621),t2943)))),(((t1024,t5299),((t2414,(t3990,t5191)),t2624)),t1163))),((t551,t3512),(((((t871,t2921),t2675),t2121),(t2094,(t2831,(t3186,t4356)))),t1007)))),((t319,(t3802,t6208)),((((t708,t4076),t3052),t2604),t1957))),((t93,((t850,((t1459,t2570),((t2220,t2487),(t2378,t6035)))),(((t591,t5135),(t3685,(t3748,(t3947,(t4279,t6143))))),(t2951,t3880)))),(((t513,t2751),(((t1744,(t3868,t4517)),t3465),(t2245,t5691))),((t638,t2684),((t1889,t2410),((t2836,t5344),((t1624,(t3351,t6011)),((t2193,((t3729,t5921),t4313)),((t3120,((t4164,t6197),t4822)),t3607))))))))),(((t187,t5488),(((t1532,t5825),t5163),(t1724,((t1824,(t3563,(t3680,(t5217,t5692)))),(t3256,t2430))))),((t1213,t4837),t4771))),((((t455,(t1508,t5033)),(((t2114,t2480),(((t2317,t5832),t4425),(t2687,t4098))),t2749)),(t437,t3160)),t148))),(((((t674,((t1653,t4701),(t3617,(t4522,t4983)))),(t399,t4994)),((t496,(t3263,(t4274,t6087))),(t1943,t2419))),(((t784,t3548),(t3483,t3611)),(((t2299,t4292),t3637),((t2384,t5115),t2460)))),((t126,(((t258,t4619),(((t2725,t4660),(t4566,t4684)),t3129)),((t890,t4175),(((t2363,((t2365,(t3184,t6007)),t2486)),((t2011,(t5328,t5868)),(t2185,((t3126,t5958),t3332)))),t1743)))),((t345,((t1438,((t3173,(t4411,(t5011,t5682))),(t4330,(t4466,((t4543,t5992),t5563))))),t1951)),(((t1299,t5753),t3346),t1866))))))),((((((t1706,t2888),(t1843,t1910)),((((((((t718,t6127),(t4282,t4976)),t2301),((t1235,t4582),t3876)),(((((t861,t6077),t4071),t3036),(t2964,t3283)),t2532)),(t1255,t4662)),((((t690,(t1296,t3629)),(((t957,t6169),t6108),t5996)),((((t618,t4716),(t3699,t5020)),t2617),(((t949,t5321),(((t2589,t5143),(t4347,t5366)),t3859)),(t1836,t2660)))),((((((t3463,(t901,t5290)),(t3166,t5600)),(t1992,t3013)),(t1271,t2913)),(t1048,(((t1141,t3329),((t2345,(t3365,t4226)),((t2044,t5431),t4870))),((t1217,t2055),((t3772,t4782),t4267))))),t807))),((((t4216,((t1050,t6142),t5509)),t3027),((((t2686,(t4174,(t4580,t4601))),t3390),t3146),t2842)),((t1171,t5762),t5323)))),(((((t223,((((t1100,t5899),t3118),((t2065,t5201),t3454)),(t1468,t4361))),(((t559,t4084),((t571,(t3550,t5418)),(((t1401,t6043),t3159),((t4726,t1831),((t1968,t5778),((t2545,(t3333,t5310)),((((t2794,t4496),t3070),t2983),(t2722,(t5483,t5779))))))))),((t386,t5760),t4074))),((t380,t6179),t3738)),((((((((t924,t4776),t4208),(t2561,t4765)),(t2369,t5215)),t1293),(t828,(t4210,t4433))),(t344,t5506)),((t672,((t4004,t5498),t4977)),((((t500,t4006),t2708),(t2327,t3403)),((((t2232,t5434),(t3181,t4127)),t2976),(t2311,(t2428,(t3545,t4310)))))))),(((t868,t2724),((t1423,t5581),(t4189,t5535))),(((t270,(t3506,t6049)),(((t2716,t5404),((t3939,t4952),t4350)),((t3314,(t3922,(t4331,(t4663,t5416)))),(t3391,(t3591,(t4967,t5110)))))),(((t2227,t6223),(t4034,t5458)),t4416))))),((((((((((t29,((t4123,t4302),(t4272,t4260))),t3495),(t3170,(t3269,(t3664,t5556)))),t3113),t1674),((((((t814,t5260),t4532),t4407),(t2950,(t3883,t5931))),((((t4245,t5168),(t4400,t5339)),t4921),((t3172,t4518),t3953))),(t849,((t886,(t5592,t6059)),(t5146,t4291))))),t1906),((((t1117,t6176),t3338),t3988),t2800)),(((t768,(t3138,t5758)),(((t497,t4295),t4371),((t3318,(t4651,t5897)),((t2656,t5774),t4414)))),((t1121,t3504),(t1583,(((t2650,t5414),t4703),t1732))))),((((((t599,(t3288,t4988)),(t2827,t5730)),((t2728,(t3455,t5896)),t2959)),((t2313,t5780),t3005)),(t765,(t2864,(t3505,t4944)))),(t333,(t2909,t4573))))),(((t492,((t707,(t4843,t6122)),(t1270,t4209))),(((t2485,t3558),(((t1683,t2948),t2645),(t2559,((t3812,t6086),((t3897,t5560),(t4475,t5165)))))),(t979,((t2476,(t2813,((t4493,(t5014,t5279)),t4565))),(t2331,t5187))))),(((t458,(t4512,t4884)),(t1675,((t1818,t5650),(t4576,t5241)))),(((t789,(t4427,t6201)),((t1231,t3847),t3815)),((t980,t5130),(t3524,t4890))))))),((t34,((t2262,t4325),t3679)),((((((t947,t5566),(t2120,(t3367,t4301))),t1888),(t3199,(t2730,t4938))),(t1686,t6233)),(((t1671,t5570),(t5030,t5186)),t3099)))),(((((((((t325,(t2971,t5388)),((t2501,t3395),(t2600,(t3235,t5154)))),((t2182,((t1123,t5769),t3863)),(((t1210,t6134),t5460),(t2459,t3085)))),((t835,(t4099,t4710)),((t3192,t4801),t4109))),((((t421,(t1408,t5268)),((((t2773,t3475),t4964),((t1772,t3370),t3098)),(t975,(((t3905,(t5638,t6156)),((t5375,t6073),(t5906,t5954))),t4749)))),((t530,t6196),((t4078,t5050),(t4126,t4504)))),(((t2503,((t2936,t4270),((t3837,t5216),t4849))),((((t2858,t5197),(t3774,t5945)),((t3662,t5885),t4293)),t3305)),((((t393,((((t3567,t6205),t5923),t5628),(t3655,(t3993,t4636)))),t2234),t1035),(((t799,(t2072,t3944)),(t1399,t6231)),(((t1241,(t3786,t5311)),(((t1366,(t5010,(t5057,t5424))),((t2456,t5454),(t3440,(t4488,t3949)))),t1746)),(t1030,(t2546,(t4351,t4627))))))))),(t275,((((t2073,t5704),t4545),t2449),(t1436,((((t2343,t5626),t3822),(t1725,((t3721,t6083),t4385))),(t2315,t2492)))))),((((((t278,t1952),t1445),t895),t3217),(((((t875,((t3498,(t5463,t6152)),t3773)),(t1534,t4954)),((t1250,t6061),t2036)),(t0,t3190)),(((((t401,t5262),(t4003,t5210)),t2197),((((t1036,(t4831,t5873)),(t3243,t4091)),(((t1939,(t3933,t5907)),t4402),t2137)),((t1453,t6144),(t5677,t5720)))),((t2250,t5006),(t3741,t4511))))),(((((t1319,t3987),t3828),(t2468,(t3853,(t4558,t5391)))),(((t1582,t5048),(t3573,t3870)),(t2646,t2031))),((((t2758,t6173),t5662),t4845),(t2866,t5777))))),(((((t77,t4217),((t1788,(t3705,t5039)),((t2355,t5171),(t3730,(t4205,t5839))))),(t1404,(t2423,(t4614,t5301)))),(((t716,t6068),t4225),(t2640,t3890))),(((t225,(((t2006,t5590),t3800),t2774)),(((((t842,t5236),t3983),((t1754,t2592),((((((t2830,t6029),t6005),(t4781,t5647)),t4012),((t3689,(t4676,(t5683,t6025))),(((t3797,t5811),(t5562,t5624)),t4606))),((t1796,t3889),(t3204,t3871))))),((((t1547,t3025),t2954),(t2130,t6070)),t1414)),(t251,t6181))),(((((t279,((t5131,t5988),t5499)),t1326),((t1205,(t4033,t5334)),((((t1343,t5500),t3692),(t2186,t5016)),(t1695,t5817)))),((t1025,((t1669,t5840),t3684)),((t1463,t4803),(((t3723,t6119),(t4966,((t5142,t6150),t5644))),t3776)))),((t407,((t4577,t5347),(t4618,t5526))),((((t1506,(t4731,t5189)),t3157),t2281),(t1663,t3382))))))),((((((((t586,((t2238,t4000),((t2634,t4705),((t4316,t4829),(t4600,t5298))))),(t1356,((t569,t4816),t4481))),(((t594,t5367),t1981),((t1183,((t3413,(t5671,t6136)),t4362)),((t2593,((t3241,t5349),((t3756,t5894),t5642))),(t2762,(t4973,t6158)))))),(t1826,(t1897,(t3084,(((t4787,t6088),t5572),t4959))))),((t302,t2203),t1914)),(((t419,(t3869,t4221)),(t1938,(((t3133,(t5419,t5429)),(t4539,(t5325,t5510))),t3262))),(((t981,t2613),t1147),t463))),((((((t601,t5805),(t5695,t6145)),t4720),((t1839,t2957),(t2442,t3510))),(t932,t6057)),(t207,t5410))),(((((t1447,t4113),t2785),t1568),(((t28,(t2644,t3211)),(((t1041,t5240),t1830),t1505)),(((t926,t5609),((t2584,(t4276,t5302)),(t4036,(t5369,t5909)))),(t2527,t5223)))),((((((t1569,(t4503,t4924)),(t3712,t5797)),(((t2332,t4299),t2649),(t1738,t4786))),((t1761,t4931),(t1953,t2893))),t376),((((t217,t6071),(t4777,t6180)),(t4422,t5176)),t3511)))))),((((((((t233,(((((t305,t5136),t4915),t2412),(t1489,((((((t2848,t5276),t4835),(t4572,(t5867,t5929))),t3715),(t3595,t4289)),(t1860,t3688)))),((t1243,((t4019,t5828),t5250)),((t2300,t4156),((t2897,t5968),(t4499,t6146)))))),((t505,(((t1877,t4321),(t3849,t4163)),(t2872,t3697))),((t1049,t5511),((t1420,t5925),(t2070,t5532))))),(t881,(t5094,t5343))),(((((((t304,t5043),t3223),((t4170,t2877),(t3093,t4486))),(t2715,(t2927,t5983))),(((t1922,t5341),(t3244,t3412)),((t1997,(t3690,t4456)),t2093))),(t1610,t6187)),(t211,(((((t2152,((t2319,(((t4085,t5898),t5663),t4483)),(t2683,t4706))),t1492),(((t1471,((((t2118,t5690),t5239),(t3846,t4342)),t2816)),(t2090,(t3976,t4428))),t2018)),(t982,((((t1237,t2080),((t1792,((t3310,t4875),t4151)),(t5476,t5995))),((t2122,(t4233,(t5125,t5989))),t3289)),t3076))),((t1214,(t1493,(((t1666,t5548),t3224),t3044))),(t1907,(((t3072,t5155),((t3291,t5821),((t4700,t5927),t5490))),(t2935,t6232)))))))),(((t1774,(t3888,t4441)),t4588),(((t906,(t3435,t6022)),t1219),(t1028,(((t1781,t5719),t4608),t2088))))),(((((t1229,t5326),t3696),t1429),((t457,t5972),t2556)),((t410,t2483),((t1817,t5071),(t2155,t4117))))),(((((t2519,t578),(t2251,t3789)),(t1982,t5528)),t1148),(t1563,(t2956,t5666)))),((((((((((t371,(((((t669,t6113),t5634),(t5137,t5207)),(t3362,t6210)),(((t1363,(t2475,t1422)),((t1064,t4259),t3580)),(t2398,(t1525,t6062))))),(((((t2633,((t3078,t5204),(t3104,(t3255,(t3543,t3761))))),((t2846,t6171),t3063)),(t3049,t4521)),(t527,t2087)),(t1536,((t1622,((t3364,t5101),t3032)),(t2265,t4527))))),((t448,((((((t673,t4632),((((t4016,t6238),t5553),t5287),t4139)),(((t2177,(t4370,t5948)),t4329),t3864)),((((t3831,t5064),(t1785,t5451)),t3535),t1880)),((((t1644,(t5611,t6038)),(t2911,(t3694,t5749))),((t2117,t5148),(t2575,t5706))),(t1557,t1680))),(t1337,t983))),(((t612,((t3539,t5741),t5139)),t2863),((t2886,t3547),((t2360,t5437),t5354))))),(((((((((t3957,t1180),(t3927,t4617)),t2882),(t1441,t2832)),(t1769,((((t1783,(t5134,t5259)),(t4872,t6166)),t3285),((t2695,t4181),t3139)))),(((t1006,t6137),(t3925,t4047)),t1779)),(t256,(t3490,t4408))),((((((t1954,t4813),t3743),t3581),((t416,(t4284,t5459)),t2516)),(t1588,t3433)),t854)),(((((t2555,t2652),t1760),(((((t2113,t4971),t3609),(t3532,t5179)),t1249),(((((t1632,t5211),t4536),t4389),t1719),(t1316,t5842)))),((((t575,t4386),t2199),(t1690,(t3094,t3740))),((((t1718,t4121),t3484),(t1955,(t4926,t5622))),(t2883,t3782)))),((t573,(t3585,t4440)),t951)))),(((((t331,((t2452,t3709),(t3046,t5380))),((((t824,(t2713,((((t2718,t5903),t5635),(t5400,t5522)),t5077))),(t1318,(((t2843,t4826),(t3862,t5159)),((t3152,t3503),(t3260,t5394))))),(((t1143,t3959),t3578),(t1361,(t2538,t5939)))),((((((((t1211,t5994),t4148),((t3778,t4462),(t4069,t4070))),(t2819,t2975)),(t2019,t3839)),((t449,(t5834,t6218)),(((t2710,t5813),t5794),t3958))),(((t1192,(((t3237,t6008),t3464),((t3309,(t5744,t5776)),t5667))),(t2111,((t3527,(t2759,t6056)),(t3257,(t4473,t5740))))),t1466)),(((((t1002,(t4896,(t5145,t5202))),t4382),t2321),((t2127,t5982),t5630)),((t1223,t2212),t2098))))),t265),(t680,((t4711,t5427),(t5389,(t5904,t5910))))),(((((t142,t1936),(t1850,(t3584,t5080))),((t2005,t5875),t4672)),(t321,(((((t692,(t2230,(t4087,t5264))),((t1619,t4671),(t2900,(t4743,t6085)))),t973),(((t909,t6105),(t4674,t5114)),(t2639,((t3234,(t4901,t5697)),(t3340,t4679))))),((t757,t4195),((((((t1456,t5232),(t4814,t5505)),((t3507,t6220),t4239)),t3347),((((t2805,t5669),t4677),t3805),t3624)),t1852))))),((t562,t4986),((t779,t4958),(((t2766,t5157),t2967),((t2248,t4528),t3334))))))),(((t2425,(t212,((((t5066,t2939),t4788),t4613),t3481))),t2310),(((t308,t5737),t5513),t798))),((t1357,t5425),t3817)),(t5637,t2628)),((((t229,(t5433,t5482)),(t3642,t5397)),(t1646,(t5081,t5333))),t289)),((((t141,((t964,t2260),((((t1648,t4893),(((t4366,t5413),(t5196,t5453)),t4501)),(t3965,t4116)),t3419))),(t403,t2305)),((((((t641,(t2768,t4110)),(t2666,t3397)),(t2648,t4101)),(((t1851,t4333),(t3625,t6215)),t2521)),(t1595,t6162)),(t1098,t3884))),((((((((t582,(t4363,t5795)),t3449),t2952),t2915),(((((t976,t4249),t3508),(t2576,(t3633,t4715))),((t1723,(t4346,t5924)),(t2522,(t3798,(t3844,t4352))))),(t1893,t3363))),(((t812,t5946),(t3733,t5053)),(t2667,(t3323,t5636)))),(((t49,t4738),((t2304,t5363),t3874)),((t1120,(t2793,t5908)),(((t3501,t5436),t5025),((t3238,((t3566,t5976),(t5938,t5997))),t3526))))),(((((t445,t4909),(t1207,((t1974,t6076),(t2347,(t4779,t5083))))),((t952,t2424),(t1752,(t4767,t5252)))),(t493,t2397)),((t402,t5536),(((t1187,t3145),(t2760,(t3276,t5625))),(t2638,t4125))))))))),(((((t112,((((((t1040,(t2786,(t4120,t4963))),((t2488,t4241),(t3341,(t5270,t6026)))),(t2026,t3112)),(t1636,t3144)),(t1335,t1390)),(t541,((((t1846,t5724),t5496),t4460),t3407)))),((t248,((t1693,t3437),(((t3379,t5944),t4469),(t4281,t4445)))),((t912,(t4605,t5540)),t1498))),((((((((((t195,(t4236,t4283)),t3969),t2714),(((t1638,t5174),(((t2075,t5123),(t3042,t4132)),((t3522,(t5632,t5987)),t3041))),(((t1854,(t4094,(t4694,(t4942,t6165)))),(t4044,t6027)),(t2013,t5088)))),(t1061,t4821)),(t385,(((((t508,t5455),(t2511,t3228)),(t2502,t3394)),(t1558,((t2149,t4093),((t3955,t5915),t5153)))),((t743,t5228),t4894)))),(((((t655,t5399),(t4056,t5485)),(t1867,t5975)),((t1542,((t3621,t5370),t4852)),(((t2609,t5654),t5593),t4865))),((t1079,(t2910,(t4311,t5199))),((((t2204,t5703),t4847),((t3559,t6107),t5319)),(t3406,(t5934,t5991)))))),((((((((((t1070,t6207),t3963),(t3110,(t3917,(t4320,t5531)))),(t2047,(t2512,(t4038,t5046)))),t1222),(t592,t2679)),((((((t544,t5407),t4237),(t3055,(t4149,t6170))),((t1521,t4409),t2057)),(((t1487,t4204),(t2879,((t3600,t6177),t4616))),(t3271,(((t3336,t6186),t5156),t3425)))),t631)),(((t1991,t6141),(t2344,(t2996,t5808))),t1467)),(t567,(t2551,t6161))),((((t241,(t1238,((((t1310,t4982),t2292),t2003),t1499))),(((((t1185,(t4251,t5971)),(t2544,t5771)),(t2158,t5680)),t1845),((t1477,((t4664,t5396),t5103)),t1617))),(t755,(t2148,((t3165,t3858),t3603)))),(((t717,((t997,((t1698,t1920),t3627)),(t1164,t5871))),(t723,t6072)),(((t444,t5990),t2892),t2353))))),(((t255,(t2224,t3719)),((t2086,t4391),t2676)),(t1227,t4287))),((((((t1012,t5013),(t4058,((t4305,t6191),t6090))),t3195),t3164),t298),(t894,((t1987,t2980),((((t3940,t5705),t4392),(t2787,t5689)),(t3476,(t4213,t5423)))))))),(((((((t637,((t2901,t5787),t3767)),((t2326,((t4842,(t5728,t6117)),t5067)),t4551)),t1384),(t1264,t5430)),t940),((t146,t4643),((t1144,t5785),(t2963,(t4630,t6003))))),(((((((t252,t6193),(t5032,t5850)),((t1564,((t2067,t3315),t2689)),(t2059,t4222))),(t1562,t4904)),((t1016,((t3751,(t4011,t5147)),t3952)),t1833)),(((((t1827,t5249),((t1177,t4534),t2178)),t2733),((((t714,t3200),(t2084,t6149)),(t1352,t4442)),(t1131,(t5282,t5557)))),t922)),(((t32,t4689),t3972),(t3417,(t3722,t5514)))))),(((((((((((t193,t6017),(t5422,t5793)),(t937,((t3245,t5727),(t3736,t5599)))),((t370,t2706),(((t3462,(t4253,t4789)),t554),(((t803,(((((t1413,t5575),(t5403,t6074)),(t2565,t4794)),(t2217,t5158)),t4943)),((t965,(t3656,(t4825,t4871))),(t1773,(t3019,t4405)))),t813)))),(((((((((((t430,(t3663,((t5353,t5660),t5538))),((t2856,t5890),((t4979,t5816),t5684))),t2491),(t2350,t5502)),((((((t998,(t4057,((t4969,t6222),t5688))),((t2553,t5438),t3599)),t2104),((t1102,t4802),t1400)),(t917,(((t1260,t4090),((t3487,t6195),(t5234,(t5686,t6018)))),(t2873,t5275)))),(t800,(t1350,t5843)))),(((t427,((t2580,t5676),(t5583,t6097))),((t3635,t5208),((t1890,t3894),((t3202,t4137),(t3643,((t3682,t5615),t4823)))))),(((((((t587,t5024),t3447),t2298),(t3328,(t4063,t4444))),((((t3652,t4118),(t2415,t5420)),((t2257,t2444),(t2372,(t2636,t5411)))),t2133)),(((t1685,t3293),t2318),(((t2174,(t5815,t6194)),t4452),t3326))),((((((t1616,t5595),t4590),(t3982,t4261)),(t3446,(t4166,(t5623,(t5953,t6002))))),(t863,t2932)),t2657)))),((t3161,t190),(t2828,t5150))),(((t898,(t2366,t1488)),((t1371,t3077),((t2160,t5254),t2709))),(((((t1485,t4887),t3453),(t2135,t5316)),(t797,t3668)),(((t2043,(t4752,(t6045,t6160))),t2129),t1491)))),(((t280,t3714),(t3132,((t3480,t6092),t5844))),(((t346,((t4029,(t4889,t4912)),t4740)),((t4008,t5441),t5027)),(((t950,t5308),t2062),(((t1863,t5307),(t4641,t5928)),t4114))))),((((t1090,t2672),t2228),t2145),(t262,t5900))),(((((t259,((t2255,t5525),t3430)),((t1871,t5591),(((t2841,t4815),t4656),(t4323,(t4453,t5582))))),(((t1473,t3008),(t2465,(t4863,t4945))),t1553)),(t1378,(((((t1687,t5951),t4081),t3097),(t2050,t5580)),(t2014,((t3431,t5978),t4798))))),(((t228,t4387),t3491),((((t4018,t1509),(((t4218,t4881),((t4410,t4853),t4699)),(t2969,(t4962,t5198)))),(t1949,((t2156,t5879),(t2469,(t3080,t5596))))),((t1859,t5318),(t2041,t2838))))))),((((((t1419,t3523),t3108),((t1220,t2896),(t2198,t3919))),(t2016,t4418)),((((((t357,t5732),t4978),((t2082,(t4183,t5892)),((t1808,t5283),(((t2811,t6095),t4562),(t3830,t5549))))),((((t1431,t5361),t2946),t1797),t1482)),((t2807,t5003),(t3727,t5109))),((t653,t5823),t2323))),((((t347,((t2165,t5489),(t3670,t5597))),((((t914,(t5248,t6081)),(t2745,t4246)),(t1623,((t2543,(t3593,((t4772,t5588),t5009))),((t2591,t4669),t3339)))),(t2142,t4369))),t882),((t686,(t1517,t3677)),(((t837,((t3912,t4902),t4666)),t3711),t3148))))),((((((t724,((t2930,t4505),(t3127,t4002))),(t2493,(t4799,t6094))),t4804),((t1342,(((t2023,t5193),((t2945,((t3989,t5555),(t4859,t5757))),t3771)),(t2421,(t2426,t4611)))),((((t2000,t5723),t2607),(t1594,(((t2914,(t3892,t4171)),t3320),t3308))),t1975))),(t1166,t5574)),(((((((t328,t5587),t3850),(t1639,t4500)),t1196),(((((t1003,t6130),t2523),((t1714,t4972),(t2566,t2977))),t2235),t699)),((t498,(t3090,t5415)),(((t524,t6012),t5770),(t2282,t3246)))),((((t1513,t4917),(t1918,t3493)),(((t390,t6009),(t3929,t4100)),(t3691,t5470))),(((t774,t1911),t1325),(t921,(t2929,t5715))))))),(t1014,(((t1332,t4702),t4326),(t4161,t5700)))),(((((t253,((t1898,t5277),t4808)),(t656,t5517)),(((((t1427,((t2518,t5491),(t4623,t4625))),((t2071,t5880),((t3214,t5645),(t4555,t5364)))),(((t1641,t2791),((t2767,t6084),(t4793,t5247))),t2691)),(((t1305,t4337),(t356,t2438)),((t1263,t4885),(t1929,t5716)))),((t928,(t3832,t5214)),(((t1980,t4724),((t4096,t5963),t4559)),(t2499,t4735))))),(((((((t90,t3552),t1516),(((t1081,t2764),t2677),(((t2170,t4655),t4626),t4021))),((t2089,((t944,t5098),t4448)),(((t1829,(t4579,t6042)),t4516),(t2912,t4332)))),((t766,(t4899,t5791)),t3278)),(((((t2588,(t4514,t6148)),t3028),t2608),t499),((((t1160,(t3163,t5475)),((t1519,t4548),((t3866,(t5993,t6032)),t4685))),(((t579,t4775),t3321),t2472)),(((((t994,(((t3935,t6078),(t4840,t5961)),(t4231,t6001))),t3937),(t1763,t3521)),(t1677,(t1733,(t2462,t5882)))),((t1367,(t1460,(t5914,t5937))),(((t1302,t5819),(t4275,(t4349,t4866))),((t3033,t5058),t3345))))))),(((((((t110,t5932),((t2515,(t5745,t5754)),((t3294,t5675),t3893))),t2273),(((t1868,t5569),t2817),t5712)),t681),((t725,t5586),((t1596,t6213),((t2076,t4432),(((t2219,t5936),(t3845,t6006)),t3810))))),((t149,(((((t709,t4584),(t4315,(t5374,t6100))),t1837),((t1039,(t3174,t5118)),((t811,t6040),(t1703,(t4597,t5371))))),((((t1803,t6014),((t2256,t5004),t4196)),(t2885,t3632)),((t1122,(((t1430,(t4712,t5102)),t3879),((t2698,t5129),t3942))),(((t1331,(t4760,t6211)),t2717),((t2446,t5847),t2598)))))),(((((t3494,t5432),((t260,t5545),t5044)),(t3313,t2334)),((((t1320,t4300),(t3061,t5200)),t3011),(t2455,t4807))),t838))))),((((t360,t3708),((((t1279,(t3814,((t3885,(t4561,((t5616,t5874),t5726))),(((t4464,(t5324,t5856)),t4785),t4530)))),t3746),(t3488,(t3638,t6106))),(t2506,t5184))),((((t197,(t2865,t4207)),(t2107,(t2249,(t2275,(t4762,(t4819,(t5826,t5916))))))),((t3154,t1476),t1745)),((t831,(t2138,((t2229,t5100),((t3322,t5393),(t4683,t5473))))),(t1203,(t1405,(t1625,t2367)))))),((((t1151,t5060),(t3117,t5261)),((t2126,t4502),((t3039,t3574),(t3450,t4947)))),((((t61,t5984),t2769),(t2413,t4838)),(t3295,t6047)))))),(((((((((((t2775,t3553),(t3324,t3739)),(t3153,t4344)),t3175),(t1704,t5761)),((t751,((t2539,t2859),(t2560,(t2953,t4480)))),((t1377,t3438),(t1875,t5417)))),(t677,t2779)),((((t369,t5049),t4160),((t3517,(t5300,t5512)),t5209)),(((((t534,((t836,(((t2233,(t4312,t5523)),(t4060,(t5243,t5331))),t3816)),((t3147,t1782),t2017))),(((((t2528,(t4542,t6096)),t4354),((t3301,((t3950,t5386),(t4324,t5105))),t3457)),t4645),(t2210,t4721))),(t3062,t5802)),((t1990,(t2700,(t4753,t4856))),(((t1633,t6131),t5296),t3666))),(((t2622,t3404),t1805),((t105,(t3209,t3396)),t3021))))),t85),(((((t65,(t4115,t6013)),(t1600,t6214)),(t1202,(t1256,((t1762,(((t2916,t5714),t3515),(t3399,t5755))),(t1915,(t2470,(t3770,t2815))))))),(((((t2274,t4970),(t2875,t5738)),t1778),((t1008,t2833),((t2010,t5807),(t2079,(((t2847,((t5132,t5922),t5806)),t4455),t3673))))),((((t1011,t6226),t2778),t2577),t2001))),((((t930,t4220),(t3325,t3400)),t2349),((t977,(t2458,t4124)),((t2396,t4376),t3813))))),(((t374,t1628),((((t1374,t3645),((t2287,t4061),(t3981,(t4197,t4874)))),(t2194,((t2431,(t4263,t5495)),(t2606,t3424)))),(t2154,(t2571,t3219)))),(((((t366,t5405),(t4140,(t4384,t4585))),(((t1054,(t2655,t4654)),t2048),(t1899,((t2673,t4546),t3695)))),(((((t593,t3887),t1865),((t1084,(t3442,t4423)),(t1313,t2303))),((((t855,t4603),t4030),((((t1612,t5144),(t3389,(t5258,t6155))),t3281),((t1864,(((t2947,t5379),t4111),(t4049,t5471))),t1790))),(t857,t3353))),(((t665,(t4152,(t5736,(t6052,t6204)))),((t1652,t5862),t2798)),(t758,(t961,(((t1303,(((t3337,t5980),(t4064,t6184)),(t3764,((t3650,t6225),t4227)))),((t1755,(t2743,t5074)),t2741)),(t2173,t4592))))))),(((t607,t5876),(t2401,((t3622,t4707),t4695))),((t1960,t3994),(t2123,(t4397,t4533)))))))),((((t33,(t3222,t3902)),(t2602,t3383)),(((t609,((t2306,(t3803,t4761)),t3092)),((((t1136,t5870),t4072),t3409),t2102)),((t742,((t2450,t3387),(t3282,t5558))),(((t1186,t4686),((((t2288,t4691),(t4307,t4510)),t4240),t2681)),t1550)))),(((t790,t5235),t4062),(t1618,(t3720,(t4698,t5225)))))))),((((((t456,(((t1265,t3372),t2987),((t1398,(t2992,t3634)),(t2416,t5912)))),((t1021,(t3636,(t5121,t5169))),t3538)),(((((((t124,(t2788,t5658)),(t2664,((t2850,(t4848,t5768)),t4755))),(t3376,t3754)),t1823),((((t770,t4591),t3795),(((t1912,t6237),t4159),((t3834,t5007),t4304))),((t817,(t4714,t6098)),((((t1650,t5072),t4103),t1078),(((((t1312,t3693),((t2753,t6133),t4728)),(t2586,((t3598,t6016),t5140))),(t1970,t4487)),t1799))))),(((t1722,t5443),((t2790,t6060),(t3067,t5063))),(((t2068,t3848),t3065),t2461))),t661)),(((((((t613,t5203),(((t2574,t5467),(t3418,t5116)),t3398)),t847),(((((t3176,t3429),(t1107,t5698)),(t1881,(t3302,t4106))),((t1735,t5329),(t3057,t4406))),t805)),(((t2338,(t4891,t6192)),t3111),t2941)),(t608,t6129)),(((t1620,(t5655,t5665)),((t2172,t4017),t2853)),t679))),(((t147,t3075),t175),(((((t443,t5170),(t2407,t3472)),(t2083,t2191)),(t1756,((t3178,t4564),(t3735,t6126)))),(t1340,((t1748,t2852),(t1870,(t3973,t5661))))))),((((t753,t6236),(t2978,t4009)),(t2333,t3123)),((t2557,t3857),(t1,t5351)))));
data/birth_death/5000/model_trees/bd.7.model_tree	data/birth_death/5000/dcm_source_trees/100/bd.7.source_trees	4.175604820251465	3.73	0	0	1.0	0	0	1.0	((((((((((((((((t260,(t5451,t5816)),(t2336,t4131)),(t1277,(t4252,t4688))),(((((t743,t5924),(t2623,(t3096,t3479))),(((t1752,t5163),t5052),t4444)),(((t891,t6153),t5949),(t1379,t3069))),(t3460,t813))),(t511,((t2429,t4673),t2943))),(t931,(((t2030,(t3485,(t3560,t4478))),t2245),t3167))),(((((t428,(((t642,(((t3435,t5445),t4967),t4359)),t3160),t612)),(((t468,(t1371,((t2031,t5248),(t3980,t5731)))),t815),((t604,(t3487,t4120)),((t655,t4913),t2669)))),(((t658,(((t3324,(t5048,t5602)),t4550),t3969)),(t3108,t3942)),t1892)),(((((t1078,t4538),(t2703,t3139)),(t2455,t2510)),(t1867,(t4734,(t4963,t5853)))),(((t1083,((t3078,t3910),t3366)),(((t1707,(t4349,t5595)),(t2646,(t2739,(t2893,t5106)))),t2183)),t1334))),(((((t65,t4436),t1416),(t548,t5494)),((((t420,t4313),(t2963,(t5029,t5432))),(t2032,t6138)),((((t434,t5992),t3576),((t1005,((t2234,(t3237,t4533)),t2806)),((t2089,t5501),t4106))),t4089))),(t410,(((((t597,t6175),((t4277,t5316),t4546)),(t1291,(t2747,t4549))),(((t621,t6125),t4207),(t3222,t4416))),((((t3406,t5147),t2792),t2312),t820)))))),((t852,t4084),(t1028,(t4814,t4901)))),(t2451,(t2468,t2723))),(((((((((t749,t4630),((((t1732,t5644),t3229),t2613),(t2120,t5059))),(t1315,((t1124,t5750),(t5015,t5232)))),((((t1257,(t3296,t5091)),t3137),(t2635,t3375)),t1312)),(((t435,t4616),(((t952,((t2716,t4502),t2896)),((((((t1773,t5283),t3473),((t3196,t5098),t4233)),t3076),(t2667,t5282)),t2650)),(((t1265,t3242),(t2482,t4237)),((t1445,t4969),(t4957,t6092))))),(((((t774,t5228),t5043),((t3063,t5611),t3983)),((t3172,t5373),((t4501,t5767),t4778))),((((t1201,t5036),t2632),(t2075,t5272)),((t1462,(t3516,t6145)),((t1815,t2186),(t1869,t3638))))))),((((t323,(t4360,t5882)),t3230),(t2774,(((t3092,t6006),t3415),t3258))),t2565)),((((((t775,t2297),t2571),(t1064,((((t4048,t6134),t5965),(t5554,t5730)),(t4757,(t5698,t5911))))),(((t1564,(t4330,t4472)),(t2530,t5540)),(t759,t3386))),t856),(t2128,t989))),(((t248,((t5376,(t5691,(t6042,t6060))),t5402)),(((t2074,(t3093,t5919)),t5333),(t2053,t5901))),((t50,t4593),(t2298,(((t2677,t5652),(t5030,t5195)),((t3034,t4037),(t3600,t5855))))))),((((t291,(t1844,t2756)),((t517,(((t1354,t5530),t3787),t1761)),(((t920,(t3964,(t4481,t4802))),t2556),(((((t987,t5485),t4868),t3407),t2681),((((t1050,t3633),(t3452,t5756)),(((t2953,t5650),(t4447,((t4534,(t5581,t5682)),t4611))),t3009)),(t2900,t5671)))))),((((((t1615,t4682),t4336),(((t2353,t6073),t3345),t2685)),(t1443,t4022)),((((t756,t6169),t5514),t2595),((t967,(t1528,((t2487,t5934),t3067))),(t1316,(((t3429,(t5743,t5876)),t5401),t5189))))),(((((t433,(t1948,t5914)),(((t1857,t3609),t2711),(t2653,t6007))),(t995,t6093)),t5498),((t561,t5663),t3928)))),(((((t1174,((t3525,t5244),((t3642,t5952),(t5193,t5266)))),(t1995,t3090)),(((t1258,(t3554,t4657)),(t1478,(t5411,t6152))),((t1365,t5653),t3585))),(t1006,(((t2398,t5529),t4421),(t4375,t6101)))),(((t962,t3790),(t2348,t3186)),(t665,(t2692,t6150))))))),((t907,(t4508,t5745)),t4217)),(((((((((((((t442,(((t2328,((t3684,t4853),t4342)),t2966),((t2797,t5990),t3598))),(((((t973,t5929),(t2678,(t2702,(t5425,t5761)))),(((t2445,t6118),t5054),(t4329,t4343))),((((t1350,t4264),((t3049,t4823),t4655)),(((t2018,(t4151,t5050)),t3884),t3272)),((((t2765,t6197),t5771),t5568),t5138))),(((t905,(t5473,t5891)),(t3673,t5495)),((((t2185,t5776),t5746),(t5046,t5683)),(t2962,t4888))))),((t2329,t4259),t1370)),(((((t580,(t2920,(t3193,t3438))),(t2162,t3704)),(t1467,t3720)),(t631,t4869)),(((t482,(t2150,t4766)),(((t1646,t4990),(t3256,t5249)),t2794)),(((t1105,t4589),(t2400,(t3617,t5899))),t4064)))),((((((t854,t4505),(t2569,t3285)),((t1695,t4558),t2443)),((t1150,((t4352,t4816),(t4552,t5560))),t3257)),(((t1096,t4265),(t1345,t3844)),(t1248,t3558))),(((t3401,(t5265,t5522)),(t501,t5132)),t3135))),((((t1196,t4819),t2865),((((t2389,t6179),t3872),(t3097,(t3173,t5629))),(t2459,t4293))),(t606,t4591))),((((((t836,(t4580,t5220)),t2798),((((((t2378,t5851),t4998),((t1549,t5276),t4475)),(t2701,t3608)),((t1361,t6135),t2647)),(t1219,((((t1586,(t2973,t4739)),(t2540,t6077)),t2457),t2505)))),(t254,t3929)),(t719,((((t3711,(t6026,t6056)),(t4946,t5345)),t4397),t4363))),(((((t2790,t3420),(((((((t1356,t4308),t3395),(t2730,t3927)),((t2327,t6015),((t3764,t5916),t5076))),(t2127,t4988)),(t1642,(t3398,t4514))),((t1607,t3042),(((t2365,t4278),t2925),(t2610,t3088))))),((t1422,t5777),((t4702,t6154),t5959))),((t694,(t3661,t4924)),(t2708,(t5762,t5958)))),(t2119,t4171)))),(((((t353,((t2841,t3809),(((t3023,t5294),(t4307,(t4663,t5245))),(t3515,t3930)))),(t2675,t5648)),(t1109,(t1573,(t1883,(t4202,t5830))))),((((t552,((t2479,t4830),(t3966,(t4010,t5888)))),(((t2384,((t3423,t3995),(t2766,t4135))),(t3414,t3544)),((t2488,(t4383,t5033)),t3921))),(t2817,(((t3095,t5287),t4735),t4487))),(t4163,t4955))),(t617,(((t1848,(t2522,((t2232,t5365),t3768))),(t5421,t6003)),(t1444,t3615))))),(((t147,(t4641,t4790)),t3875),(((t2441,t6033),t5148),t4838))),((((((((t59,(t2147,((t3549,t4351),t4345))),(t2066,((t2926,(t5256,t5980)),((t4317,t5358),(t4966,t5586))))),(t1369,t2989)),(t1024,t6036)),t625),((((t608,t3486),((t2294,t3913),t3060)),t1636),(((t787,t2813),t1501),((((t969,t5782),t3182),((t2289,(t2672,((t4764,(t5262,t5877)),t4974))),(t2352,t5932))),t1307)))),(t600,t6058)),(((t672,(t4088,t6021)),t2997),(((t3040,t5469),t3803),((t4640,t4692),t3510))))),(((((t491,(t679,t2043)),(((t2300,((((t2592,t5302),t5176),t4198),(t3192,t5247))),(((t1775,t5060),(t3294,t4315)),t2745)),(t2965,(t4878,t5953)))),((t4535,t5150),t1608)),(((((t3326,t220),((t3161,(t5509,t5964)),t3543)),(((t2628,t5497),t4208),t3626)),((t1070,t4429),(t1706,t1927))),((((t643,t2124),(t1562,t5020)),t1481),t1137))),((((t186,t4603),(t3637,t5162)),(t3380,t737)),(t243,t2533)))),(((((((((((((t1007,((t1476,(((t3436,t5592),(t4182,((t5117,t6046),t5292))),t4007)),(t3084,(t3810,t4331)))),((t1260,(t3239,t3772)),(((t1398,(t3593,t5928)),t2213),(t1616,(t4098,t4569))))),((t102,t4364),(t2764,((t3200,t5071),(t4138,t6052))))),(((t571,((t2184,((t4473,t5909),(t5418,t5437))),(t3895,((t4157,t4536),t4530)))),(t1085,t1399)),(t1450,(t1724,t5413)))),(((((t763,(t3291,(t4651,t5466))),(((((t3195,(t3411,(t5507,t6115))),(t1558,t6094)),t3041),(((t2121,(t5275,t5718)),t4916),(t2648,t5881))),((t1771,(((t3201,t5997),t4994),t3437)),(t1953,(t3115,(t4104,t5434)))))),(t1301,t4877)),(t1583,t1881)),(((t1792,t4726),(((t2472,((t5110,t6187),t5555)),t4678),(t3624,(t5692,t5815)))),(((t2061,t5471),t2978),((t4976,(t5612,t6126)),t5570))))),(((((t878,(t2923,t6075)),((((t1318,t5533),t4562),((t1894,t3935),(t3518,t4997))),(t2099,t2453))),((((t1016,t3428),t3297),(t1739,(t2471,(t2724,t3698)))),((t1040,t5011),(t2906,t3254)))),(((((t523,t3441),(((t1309,t5593),(t5088,t5167)),(t2212,((t2515,(t3987,(t4401,t4725))),t2959)))),(((t1246,t5806),(t3888,t4785)),(t2302,t2501))),(((t1161,t4136),((t2218,t3073),(t2574,t5849))),(((((t2057,t3745),(t3595,t4697)),(t3206,t3757)),t3074),t2563))),((t680,t3988),((t800,t5577),t871)))),((((((t200,t5111),t4792),((t1696,t6005),t2951)),(t1054,(((t1893,t4531),(t3909,t6176)),(((t2054,t4723),(t3220,t5679)),t2502)))),(((t1314,t2514),t2252),(((t1536,(t1818,t4067)),t2698),(t1347,((((t2027,t5873),(t5563,t6009)),t2633),((t2255,t5961),t3906)))))),(((t461,t5025),t2466),(((t1770,t3952),((t3363,(t4970,(t5665,t5744))),t4281)),(t2291,t6100)))))),(((t1061,t5000),(((t3006,t4837),t4032),((t3183,t5214),t4793))),(((t3947,(t4568,t5986)),t4272),t1825))),(((t1156,(t2064,t3794)),t1545),((t497,t5599),((t704,((((t1336,t5892),t5223),t4818),t4176)),(((((t1069,t5824),t5250),(t2077,(t3010,t3793))),t1415),(t1056,t3505)))))),((t108,(t5862,t5978)),(((t422,t2876),((t1302,t6144),t2211)),t351))),(t960,(t2007,t4193))),(((((((((((t413,(t3061,((t3325,(t5118,t5977)),t4943))),(t2380,t4760)),((t951,t5449),((t1159,((t4507,t6139),t6031)),(t3370,(t4200,t4488))))),((t890,(t4737,t5470)),((t2141,((t1393,t4954),t3660)),(((((t1494,t6160),(t4622,t5298)),((t2465,t4403),t3457)),t1691),(t1622,(t3409,t5870)))))),t809),(t1217,t3094)),(((((t2525,t5149),(t3482,((t3962,t6013),(t4926,t6140)))),(((t3119,(t3893,t4224)),((t3551,((t5672,t6001),t5770)),t5368)),(((t3730,t4731),t4019),(t3821,(t4528,t5384))))),t2025),((t4109,t4637),t1492))),((t472,t6057),t5125)),(t33,t3523)),t370),((((t150,t1342),((t663,(t3846,(t5339,t5913))),((t1559,t4018),((t1779,t2584),((t1859,((t2784,t3590),(t3568,(t4060,t5845)))),(t2262,t5142)))))),(((t427,(t3412,t5708)),t3018),t1590)),(((t1532,t5557),((t3854,t5758),t5347)),(t3247,t4647))))),((((t803,t3806),(((t2615,t5788),t5128),t4097)),((t867,(t1619,t5858)),(((t1065,t4698),((t2861,t5426),t3894)),t2200))),((t1232,t4981),(t4093,(t5734,t6085))))),((((((((t1762,t5450),((((t2385,t4824),t4002),t3863),((t2867,t4617),t3665))),t46),t1699),(((((t1659,((t3613,t4694),t3714)),(t2820,t3855)),(t2401,(((t3481,t4811),t4428),((t4210,(t5513,t5768)),((t4918,t5836),t5315))))),((((t1887,t5139),((t4125,t5210),t4633)),(t3199,t5151)),((t2034,((t2928,(t5056,t5290)),(t3223,t4512))),(t2446,((t3669,t5732),t5503))))),((t1767,t3491),(t1922,t3045)))),(t1166,(t2803,t3826))),(((t399,t1313),t1241),t1017)),(((t1158,t6174),(((t242,(t3858,(t4539,t4650))),(t2976,t6168)),t3044)),t202)))),(((t165,t5465),t4900),((((t723,t5264),t3450),(t2227,t5327)),(((t3243,((t1395,t5502),t3586)),((t2275,t5057),(t4796,t5301))),(t1425,((((t1833,t5900),t4143),(t2640,t3605)),t2550))))))),(((((((t44,t5081),(t1419,(t1477,t1911))),((t2588,t3640),(t2769,(t3733,t5668)))),((t402,t3323),((t1714,(t3174,t5641)),(((t3402,t5973),(t3915,t4096)),t4677)))),((t322,t961),((t1225,(t1587,t2205)),((((((t449,t4021),((t1145,t2995),((t1527,t2744),t1665))),t968),((((t2035,t5625),t4889),(t1946,(t2299,(t4434,t4815)))),(((t1128,(t3342,t4662)),(t2379,(t4758,t5740))),((t1982,t5890),(t4165,((t4450,t4826),t4454)))))),((((t866,t5007),t3098),t1876),((t1039,t5182),((t1298,t5049),t2662)))),((t633,t5126),((((t992,(t4693,t6043)),(t3477,t6091)),t2322),(((t823,t2912),t2838),(t1940,(((t2051,t6050),t5121),(t2529,t3724)))))))))),(((((((t1305,t4314),t3443),((t1384,t2940),((((t1704,t5332),t3837),((t1964,((t3819,t5525),t5464)),t2611)),(t1591,t5631)))),t118),(((((t409,t5267),(t3278,t4817)),(t1557,((t1884,t3404),(t2914,t5072)))),(((((t1349,t3284),(((((t2044,t5075),t4925),(t3780,t4177)),(t3547,t5610)),(t2351,t2438))),(((t1986,t4827),t3461),(t2149,t2629))),((t1644,t6114),t3320)),(t1382,(((t1475,(t3212,t5678)),(t2528,t4442)),(t1929,t3856))))),t1055)),((((t1020,(((t1942,t5086),(t2343,t4016)),t2627)),(t1808,t4857)),(t259,((t2815,t5307),t4230))),t1293)),(((((t73,t5789),(t4763,t4959)),(((t2993,t5723),t3918),((t3350,t4979),t4474))),((t1597,t5433),(t1787,(t2567,t5134)))),((t893,t5382),(t1216,t1855))))),((t530,((t582,t5517),((t1560,t4585),t2831))),((((((t7,t4607),(t4049,t5685)),t2829),t1834),((t1506,t3378),(t1127,t4195))),(t1637,(t1080,(t3449,t4407))))))),((((((((t440,t2430),((t1730,t5937),t5576)),t1095),(t2534,t3829)),((((t688,(t4424,(t4667,t5616))),(t3965,t5440)),(((t1299,(((t2195,t5023),(((t3001,t5801),((t3202,t5379),t4492)),t3050)),(((t2988,t6131),t5931),(t4938,t5174)))),((t2154,(t3144,t4989)),(t2710,t4906))),(t1465,((t1647,t4874),t2179)))),(t1520,(((t3459,(t4179,t6177)),t4744),((t3679,(t4156,t4676)),(t4063,((t4124,t4544),t4185))))))),(((((((((t1674,t5696),((t2700,t4911),t4014)),((t19,t5037),t4670)),t4045),((t1269,t4024),(((t702,t3890),(t3886,t4884)),(t2856,t3614)))),(((t210,t5669),t4893),((t2041,t5203),t2196))),(((t966,(((t175,t4154),t4105),(t1588,t4072))),((((t1602,t6164),t5252),t4379),(((t1719,(t4850,t5802)),t3333),t2536))),(t519,t5798))),(((((((((t424,(t1180,((t1910,((t4557,t5460),(t5313,t5822))),t2249))),((((t1160,(t4282,(t5442,(t5606,t5944)))),t3813),t3647),((t2660,t4006),(t3774,t4427)))),((t1008,t3968),t2952)),(((((t691,(t3274,t4382)),((t1439,t3221),(t2904,t3355))),(t1569,(t4231,t6062))),(((t1067,(t4945,t5378)),t2421),((((t1200,t6161),t2823),(t2050,(t4358,(t5369,t5375)))),(((t1256,(t4661,t5197)),t2263),((t1568,t4835),t3189))))),((((t794,(t4461,t5251)),(((((t5172,t5827),(t3008,(t5842,t6053))),t4395),t3738),(t3403,t4459))),(((((t1580,t5222),t3099),t2858),t2474),(t2102,(((((t2215,t5626),t3835),t3238),t2883),(t2480,t4646))))),((t1208,t2253),((t2598,t4347),t3876))))),((((t611,t4995),t4246),(((t922,(t3145,t6128)),t2788),((((t2427,(t5618,t5976)),t5291),t5280),(t4150,t5972)))),t636)),((((((t708,t5940),t5227),((t2467,((t4020,t5991),t4860)),(t3031,t5270))),(((t1436,t6102),t3387),(((((t2617,t5925),t5219),(t4338,t6117)),t3249),(t3305,t3946)))),t1429),((((t701,t2397),t2006),((t1170,t3773),(((t2932,t5863),(t4462,t6034)),t4357))),(t947,t1262)))),(t136,(t2576,t4547))),((t736,(t5646,t5804)),((t230,t6071),t5661))),((t100,t5499),(((t982,t3907),(t2131,t5603)),((t1854,t4852),(t2651,t3944)))))),t2486)),(((((((((((t245,t4556),(t1021,t6193)),((t1004,t3036),((t1943,t5850),t4297))),(((((t770,((t4241,t4767),(t3994,t5512))),t3979),(t2690,t5632)),(t2029,(t5403,t5763))),((t1073,((((t3100,t6081),t5655),(t3456,t5574)),((t3361,(t5254,(t5785,t6195))),t4745))),t1402))),((((((t197,(((t2996,t5812),t4842),t3685)),(t1999,(((t2371,t3365),(t2860,t4054)),(t2490,t6044)))),((((((t1049,t3301),((t1664,t2516),t2355)),(t1524,(t4118,t5342))),((t1483,t5381),t3106)),(t1585,((t4291,t6059),(t4361,t5206)))),(((t1036,t4078),((t1819,(t3692,t5215)),((t2461,t3321),(t3279,((t4493,t4919),((((((t4762,t5984),t5681),t5204),t5019),t4977),t4859)))))),((t1654,t4370),(t4140,t5832))))),(((t681,t1919),t1261),(((t1944,t4301),t3804),(t2969,t3541)))),(((((t1469,t4074),(((t2694,(t5188,t5297)),t4206),t3991)),((((((t1877,t5813),t5623),(t4773,t5504)),t4132),t4121),(t2665,(t3390,t5184)))),((t629,t3825),((((t2138,(t5809,t5835)),t4542),(t4249,t5281)),t3705))),((((t851,((t4305,(t4413,(t5021,t5741))),(t3861,t5558))),(t3059,((((t4058,t6159),t5242),t4984),t4904))),t3035),(((t2762,(t4066,(t4232,t4996))),t3815),t2824)))),((((t3005,(t5070,t5092)),t1786),t870),((t745,t5674),t3352)))),(((((t1488,t6066),t2240),(t1343,t1713)),(((t903,((t2566,((t3754,t5002),(t3868,t5630))),t3290)),(t2469,t2761)),((((((t1391,t5808),(t5662,t6162)),t4833),((t3520,t5177),t4227)),t2737),((t1440,(t2171,t4798)),t2002)))),((((t520,t4235),t3607),(t2484,(t3053,(((t3791,t4784),t3737),(t3434,t4917))))),(t902,(((t2260,t3521),t1015),t2024))))),(t1002,t157)),((((((t588,t5183),(t1955,(t5490,t6078))),t2067),(t1480,t5412)),(t797,t3338)),(((((((t109,t5295),t4570),t2836),t2753),(t1983,((t3566,t4567),t3750))),((t1826,t5438),t5350)),(((t747,t5336),((t2864,((t4164,t4820),(t4373,t4707))),t3610)),((t1029,(t1789,((t4972,(t5483,t6157)),t5656))),(((((((t1230,t5516),t4597),t4262),(t4051,(t5278,t5725))),((t1907,t4520),t2410)),t1446),((t1431,(((t3052,t6184),t5738),((t4245,t4841),t4829))),t2658))))))),((t395,((t2308,t4102),(t2732,(t4194,t5795)))),((t755,((t1657,t4645),t4310)),(((t801,t5241),(((t3611,t4445),t4398),(t2738,t4376))),(t1866,t6116))))),(((((t194,(t1753,((t2736,t5186),(t3604,t3785)))),(t1645,t3871)),t659),(t620,(t1797,t3556))),((t326,(t4430,t5707)),(((t1060,(t4537,t5694)),(t3960,t5085)),(t1669,t5721))))),((((((((t8,(t2621,(t3260,t4333))),t2004),((t1710,t4183),(t3289,t4755))),(t358,(t2416,((t2682,(t4294,t4299)),(t3656,t3740))))),((t279,(((t3672,t5861),t4257),(t4004,(t4689,(t5196,t5584))))),t1213)),(((((t183,((t4271,t5800),t5520)),(t1802,(t3620,t6133))),(((t1014,t5258),((t1322,t4415),(t1800,t6041))),t1535)),(t532,(((t3494,t5821),t4681),t4211))),((((t340,t4040),((t2210,t1175),(t1518,t2545))),t1033),(((t816,(t4091,t4652)),t3514),(t1984,(t4782,(t5675,t6019))))))),t179),((((t603,t4923),(t2825,(t2895,t4469))),(t1038,(t1134,(t1784,(t2473,t2918))))),(t176,t3014))))),((((((((((t1222,t2992),((t2036,(t3413,t4412)),t2248)),t1264),(((((((t1111,t5774),t5135),t4114),t4082),(t4025,t4234)),(t1474,t2819)),((t1140,t4035),t2553))),(((((t601,t4797),t4710),((t2454,(t5001,t5713)),t2944)),(t1228,(t3820,(t3898,t5324)))),(((t716,t2460),(t887,((t2657,(t4598,t5620)),((t3555,t5709),(t4937,t4948))))),(t841,(((t853,t4503),(t3606,t5155)),t2406))))),(((((t2311,(t5211,t5524)),t573),((((t940,(t4743,t5778)),((t2049,(t3832,t4275)),(t2994,((t3597,t4861),((t4043,t5472),t4209))))),t1852),t1660)),(t2833,(t3152,t3348))),(((t818,((t178,t6038),t3455)),(((t325,((t2268,(t4240,((t4779,t5735),t4851))),(((((t2933,(t4324,t5887)),((t3877,t4456),t4148)),t3707),t3327),(t3165,(t3865,t4258))))),(t949,((t1992,(t4700,t5328)),t3843))),t916)),(((t310,(t5477,t5859)),(((t718,t5208),(t3277,t4856)),t1426)),((((t514,(((t3577,t1531),(t1801,t3742)),t1890)),(((t3269,t3723),(t3925,t5621)),t3039)),((((t1916,t2347),((t1025,t4540),t2313)),((t2796,t1455),t1671)),((t2338,t4828),((t2676,(t3851,t5414)),(t2938,t5667))))),(t886,(t3233,t3945))))))),(((t22,t5933),(((t955,t2280),t2204),(((t256,(t2922,t5764)),t2877),t2284))),t4590)),((((((t778,(t3880,t4776)),(((t2636,(((t3853,t6014),t5657),t3030)),t2664),(t2731,(t4129,t4847)))),((t2083,((t3310,t6004),t3708)),t3751)),t578),(((t1963,t5190),(((((t1288,t4880),t3699),(((t1785,t5396),t4394),t2251)),(t2679,(t2934,t4189))),((((t1498,t4953),t3483),(((t1957,t5608),(t3674,(t5238,t5354))),((t2056,t5399),t5377))),t1242))),(t892,((t2740,(t5967,t6027)),(t4438,t5082))))),(((t182,t3882),t2712),((t1223,t3354),((t780,t4056),((t2394,(((t3612,t5886),t5491),t5102)),(t2418,t2924))))))),((((((((((t286,t5902),((t4961,t6132),t5108)),(t1421,((((t1625,t5604),(t4799,t6105)),t4169),(t2850,(t3503,t4619))))),(t762,t5361)),(t596,t2361)),((t446,(t3693,t4867)),(((t1718,t3756),(((t3169,t5701),(t5175,(t5488,(t5534,t6095)))),t4180)),t2580))),(((((((t1989,(t4756,t6090)),(t3209,t6112)),((t2095,t3911),(((t2377,t4971),t3748),(t2630,(t4187,t5884))))),t1723),(t299,(((t3226,t5998),t5847),(((t3625,(t5430,t6079)),(t3972,t4346)),((t3766,t5459),t4789))))),(((((t1828,t4831),t4092),t3940),((t397,(t3574,t4491)),((t2321,t5055),(t2354,t2982)))),(((t879,t5506),t5013),t4399))),((((t244,t4572),(t2851,t5968)),((t957,(t3904,t4800)),((t1280,t5613),t2881))),((t695,(t5410,t5635)),((t819,t6074),((t2068,(t3755,t4446)),(t2187,((t3498,t5510),t5207)))))))),t10),((t281,((t381,(t3286,t5192)),(t1366,t2475))),(((((t901,t4584),(t3382,t5600)),((t1495,t5124),((t1858,(t4065,(t4958,t5261))),t2986))),((t2100,t4596),t2426)),((t2104,(t2854,((t928,((t5609,t6061),t5866)),t4292))),(t1071,(t2799,(t4714,t5443))))))),(((((((t2448,t2892),(t477,(t5236,t5897))),(t2081,(t2082,(((t3405,(t4669,(t5341,t6129))),((t4515,t4751),t4625)),t4518)))),(((t437,(((t4296,t6163),t5359),t4075)),t2435),(t1374,t5537))),((((((t3897,t4471),((t3126,(t3977,t4435)),t3329)),(t2612,t3150)),((t1565,t5831),(t2357,((t2901,t6194),t4605)))),(t734,((((t2079,t6012),t5422),(t3957,t5090)),(t2159,(t4263,t5751))))),((((t1817,(t4727,t4991)),t2229),t2084),t1915))),(((((t238,t2408),t1708),((((t2143,t6147),t3056),((t3143,(t3245,t5960)),(t3771,t4289))),(t3922,t5753))),(((t448,t4935),(t3340,t4268)),((t3025,t5435),t4017))),(t343,t2972))),((((((((((t1453,t5489),t4987),(t4433,t5309)),(t83,t2725)),((t700,t5906),t3941)),((((t713,(t4255,t4703)),t3937),t1736),(((t1721,(t3087,t4956)),(((t540,t5467),t3313),t2644)),t1406))),(((t490,t3841),((t1701,((((t2189,t5748),t5389),(t4510,t4602)),t4013)),((t2047,t5133),t3268))),((t2961,t4332),(t3159,t4384)))),(((t1333,(t1589,t4453)),t1683),((t1088,(t1715,t4425)),((t2947,(t1470,t6156)),((((t1504,t4323),t4029),(t3089,t3102)),t1998))))),(((((t117,t2526),(t1871,(t4786,t4895))),((t1247,((t4318,t5583),t4489)),(t3905,t4944))),((t1408,(t3210,t5939)),(t3156,t5695))),(((((t439,t3465),(t3116,(t3646,((t4581,t5796),t4855)))),((((t832,(t4494,t5562)),t3454),(t2949,((t3318,t5127),t4810))),t2071)),((t469,t3178),(((t1250,t5478),((t1577,t4322),t3070)),(t1967,(t2941,(t3205,t6065)))))),(((((t791,t4717),((t1367,t5114),t4389)),t1363),t199),(((t4139,t5145),t2709),t1423))))),(((((((t1081,(t5169,t5894)),(t2226,t5484)),((t2072,t5284),(t2258,((t3307,t4290),t3513)))),(((((t1165,t4378),t3682),((t1845,t5289),(t2420,t3650))),((t4882,t5154),t3047)),(((t3124,t3211),(t1655,t5546)),t2597))),((t1104,(t2980,(t3683,(t4516,(t4561,t5739))))),(t2491,t5083))),((t521,t3834),(((t978,(t4215,t4355)),(t2463,t4306)),((((t3528,(t5390,t6186)),t5017),t4795),t3690)))),(t130,((t795,t714),(((t904,((t3539,t3314),t5844)),((t4449,t5349),(t5598,t5867))),((t1214,t3367),(t1748,(t3717,t3759))))))))))),((((((((((((t134,t5073),(((t2450,t3830),((t3731,t5194),(t4400,t5234))),(t3632,t4629))),(t1618,(t1864,(t2407,(t4387,t4612))))),((((((t341,((t4872,t5213),t5034)),t3734),(((t1227,t4367),t3300),(((t1847,t3658),t3578),((t3453,(t4575,t5792)),t4321)))),((t772,(t2170,(t2827,t3680))),(t2146,(t3288,t4695)))),((t547,(t3572,t3587)),((t2140,t2292),t2198))),((((t347,t4721),(t3425,t3537)),t2683),(t2656,t5064)))),(((t203,t4720),(((t664,t3978),t2979),(t2073,(((t2587,t5286),(t4036,((t4947,t5885),t5093))),t3109)))),((((t505,(t5012,t6029)),(t3295,t5406)),t1913),((t367,(t4656,t6022)),((t2052,t4134),((((t2174,t4628),t4168),t3710),((t2202,t6002),t5588))))))),((t1132,t4686),t2156)),((((((t2888,(t5374,t6196)),t4696),t3360),(t1537,t5047)),(t3676,t6098)),(t698,((t1103,t6067),t3786)))),((t2246,t4804),t3127)),(((((((((t2376,t4962),t2743),(t3292,t3666)),t3054),(((t1327,(t3331,t4825)),(t2333,t5673)),t1538)),(((((((t379,(t4680,t4840)),t3902),(t3024,t3131)),t1750),(t1267,(t4028,t4631))),t539),(((t1547,t5398),(t4915,t5158)),(t2225,(t4023,t6191))))),(((t368,(t2114,t3303)),(((t667,(t4122,t5330)),(t1778,(t2462,t5042))),((((t824,(t5263,t6097)),t4316),t2045),(t1697,((t1832,(t4519,t5628)),t1991))))),(((t376,t5221),t2535),t1171))),((((t272,((t2643,t5058),t3228)),(t2620,t3864)),(t2237,(t4532,(t5131,t6165)))),(t1843,t2341))),(((t293,t1670),t1238),((t2181,t3588),t2415)))),((t226,t5444),(t321,t4564))),(((((t2594,(t5317,t5607)),t3901),t1728),(((t1594,((t3621,t5107),(t5068,t6148))),(t2975,t4907)),(t2413,t4659))),((t689,((t3668,t5969),t5702)),(t2695,t4821)))),(((((((t812,(t1487,((t2055,t4858),t4270))),(((((t876,((t3619,((t4197,t5950),(t5526,t5865))),t3986)),t2735),t2686),(t1578,((t2323,t5496),((t3082,(t4250,t5908)),t3506)))),(t1502,t1249))),(((t3648,(t4832,t5078)),((((t1092,t2330),((t1898,t2412),t2058)),(((t1593,t5573),(t2254,t3628)),t1860)),(t2609,t1181))),((((t1873,(t3204,(t4712,(t6025,t6048)))),t3917),(t649,((t2039,t5016),(t4411,t5239)))),(((t909,(t2172,(((t3149,t3850),((t3339,t5216),((t4083,t5716),t5260))),(t2478,(t3529,t5338))))),(t1235,(t1066,t3026))),((t2012,t5677),t1809))))),((((t769,t4849),(t3140,t3696)),t2539),(t1733,((t3185,t4759),((t3215,(t5363,t5910)),t4485))))),((((((t2108,(t3744,t5156)),t36),t1489),(((t808,t4496),(t3315,t3252)),((((t2689,t5321),((t3302,t4423),t3800)),(t3932,t5941)),(t2247,t3889)))),(((t644,t3732),((((t1581,t5173),t4541),(t2395,(t2706,(t3575,t4986)))),(t1661,t3532))),(t4103,t1512))),((t934,(t4390,t5366)),(((t503,t3814),(t3141,t5684)),((t2266,t5299),t4699))))),((((t294,t2599),(t1321,((t2180,(t5348,t5935)),(t4166,t4649)))),((t479,(t1058,(t2868,t4112))),t670)),(t896,(((t939,t4192),((t2373,(t2832,(t3308,t5553))),t2707)),t2228)))),((((t586,t5304),t138),(((((t1965,(t316,(t3729,t4774))),(t3091,t785)),((t481,t5854),(t589,(t1112,(t3066,(t2573,((t4000,t4334),t4326))))))),(t45,t5793)),(t908,(t441,t3264)))),(((((((t312,t6040),(t3103,(t4775,t5918))),((((t1320,t4732),t3334),t2509),(t1533,(t5565,t5963)))),(((t921,((t3782,t4328),(t4069,t5454))),((t538,t3534),t2151)),((((t844,(t2360,t6047)),(t1110,t6103)),(t1822,t2807)),(((t1042,t5987),t3652),(((t1052,t2277),(t1807,t4936)),(((t1375,t5542),t5040),((t3581,t5575),t3936))))))),(t2582,t2368)),((t13,t2551),(t1634,((t2649,t2859),t1757)))),((((((t558,((t3659,t5447),t3394)),t2752),((t2693,t5103),t3306)),t1575),(((t1266,(t5095,t5749)),t4548),t1611)),(((((t2444,t4599),((t889,t5395),t4577)),(((t2309,(t4679,t5346)),(t2489,((t3536,t3563),(t4115,t5293)))),((((t2434,t5826),t4801),(t4701,t5362)),t3062))),((t1062,t5895),((t4504,t5198),t4754))),(t4147,(t4883,t6127))))))))))),(((((((t2915,(t3662,t5659)),t5074),(((t258,((t1505,(((t2697,t4191),((((t3368,t6122),t4583),(t3778,t5187)),(t3761,t5391))),t3177)),t3758)),((t1116,t5779),(t5322,t5729))),((t537,(t5113,t6178)),t5031))),(((((t2562,t5014),t4499),(((t2637,t4388),(t3891,(t4922,t6173))),(t3016,t3783))),((t1179,t4274),(t828,((t2950,t3920),t3670)))),t613)),(((((((t388,t6086),t5773),((t2506,t3265),t2847)),((t1306,((t2513,t5171),(((t3808,t4404),t2549),t5637))),((t2345,t4432),t4304))),t837),t123),((t5,((t1119,(t5404,t5833)),(t1229,((t1329,t4892),((t2091,t5704),t4565))))),((((t478,t4632),((t4226,t4498),t4254)),t1434),(((((t506,t3426),((t1405,t5567),((t2332,t5119),(t2977,t5989)))),((t1737,t4111),t1236)),((t2112,t936),((t1959,(t3190,t4949)),(t2968,t4467)))),(t790,t4846)))))),((t1182,(t5543,t5549)),t2078)),(((((((((((t180,t5364),(t2375,t5699)),(t2216,t5945)),(t1523,(((t1868,t6080),t3020),t4319))),(((((t360,(t3175,t6172)),(t2869,t3038)),((((t2304,t6183),t5871),t5786),((((t2518,t5144),(t4470,t4871)),t3208),t3130))),(t720,t4041)),((((t1209,(t1491,t5505)),((t1458,t5143),((t2137,t4031),(t3389,t4621)))),(((t1074,(t4167,t5811)),(t2511,t3824)),(((t2331,t5639),(((t4286,t6051),t5690),(t5654,t6149))),((t3571,t5344),t4873)))),((((t1059,t5383),t3253),(t2191,t5996)),t421)))),(((t142,t3068),((((t2221,t5405),t4465),t3077),t2417)),(t1044,(t1364,(((t2042,t5755),(t3926,t3943)),(t2403,(t4337,(t4506,(t5087,t5638))))))))),(((((((((((t223,t3924),(t1117,t5519)),((t602,(t4973,t5857)),((t2899,t5820),t3267))),(t575,(t640,((t3048,t3458),((t2983,t4905),t3716))))),(((t350,((((t1930,(t5185,t5550)),t2190),(t2017,(((t2098,t4422),(t3194,(t3391,t3747))),t2110))),(((t2028,t6107),t4672),(t2808,t6120)))),(((((t662,t5259),t4863),t2596),((t1628,((((t2307,(t4218,t5742)),t3992),(t3538,t4441)),t4476)),t2250)),t1839)),((((((t646,t5038),t4130),t2581),(((((t1804,t5180),(t3488,t4664)),t3275),((t2220,((t3129,(t5006,t5868)),t4047)),((t2804,t6037),(t3110,(t5112,t6171))))),t2175)),(((t1485,t5201),t3176),t2652)),(t728,t5105)))),(((((t283,t4524),(t2134,t5787)),(((t804,(((t2356,t3703),(t3117,t3540)),t2885)),(((t1373,(t3799,t5303)),(t2884,t2970)),(((t1776,t4463),(t3603,t4225)),t3417))),((t1173,t4325),(t2144,t5423)))),(((t1410,(t3075,t6045)),((t1863,(t5585,t6016)),t2090)),(t1541,(t4615,t5728)))),(((t690,t3678),t3384),t2688))),(((((t282,t4011),((((t2405,t2721),t2201),((t1424,t4708),t4691)),((t1621,t5448),((t2305,t4890),((t4261,t6192),t4770))))),t1272),t1268),(((t671,((((t2269,t5791),(t5539,t5636)),t4123),t2809)),((t727,t5116),t3341)),(t546,t3675)))),(((((t140,((((t2558,t4930),t4753),t4222),((t3029,t4133),(t3512,t5566)))),(((t2431,(t4350,t4748)),(t4160,t5733)),t2894)),t1197),(((t1675,t4484),t1938),((t2428,t5063),((t2638,(t4951,t5452)),t4216)))),(((t874,(t2971,(t3694,(t4280,t5803)))),((t2476,t4642),t3151)),t1870))),((((t158,t5846),t2464),t1978),(t533,t4369))),((((((t218,t5927),t4639),t4085),(t1451,(t2517,t6087))),((t706,t3422),((t2661,t3496),t3356))),(((t944,t4101),(t450,t5129)),((t884,t4807),(t2834,(t3570,t5766)))))),(t79,(((((t1281,t6049),(t3168,t5569)),t1824),t1526),((t2568,(t4690,(t5839,t6011))),(t3812,t3954)))))),((((t74,t6018),(t1324,(t5556,t5640))),((((t833,t5999),t3343),(t2014,((t4594,t5314),((t4666,t5269),(t4940,(t5582,t5852)))))),(t1500,t3955))),(((((t970,t3336),((t1352,(t4175,t5271)),t3862)),(((((t1098,t4950),(t3951,(t4008,t6068))),(t3500,t4108)),(t4914,t5790)),((t1479,t4437),t3033))),((t1011,(t1404,((t3263,t3594),t3511))),(((t5754,t6113),t1939),((t1386,(t3827,t6064)),t3589)))),(t721,(t2008,(t5009,t5883)))))),((((t457,(t2541,t5962)),((((((t1331,((t3657,t6017),t4490)),(t2634,(t3188,((t3822,t5687),t4968)))),t2604),(t1457,((t3700,t4813),t3981))),(t2116,t4161)),(t915,(t1968,t2548)))),(t333,t5246)),(((t648,((t5032,t5453),t5160)),(t1031,t3931)),t618))),((((((((((t77,t5394),(t5352,t5823)),((t4030,t5985),t4511)),(t3495,t5828)),(((t779,(t4626,t2913)),(((t1566,t6111),((t2086,t5605),(t4339,t4482))),((t1971,t3218),(t2409,(t2424,t3760))))),((t1814,((t1555,(t5130,t5993)),t4573)),((t1690,t5041),t4942)))),(((t423,t5601),t3134),((t2286,t5123),(t2436,t5780)))),(((((t373,t4396),((t2929,t3818),t2046)),t1552),((((t2160,t5693),t4553),(t4327,t5938)),(t1897,(t2316,t5943)))),((t674,((t3259,t4978),(t4588,t5979))),t2687))),((((((t90,(t2714,t4713)),((((t1328,t5089),((t3357,t5975),t3887)),((t1579,(t3959,t4985)),t2655)),(t1344,t3701))),(t1805,(t1656,t3569))),((t656,((t4443,t4931),t4525)),t3741)),(((t515,(t3999,(t4173,t4366))),((t3971,t6180),t5370)),t3105)),(((t624,t5765),(t2125,t5468)),(((t1146,t3248),(t2555,(t3466,(t5799,t5837)))),(t2552,t4706))))),(((t217,(t2890,t4348)),((((t247,t5463),((t4513,t6072),t5240)),((t1686,t5589),t5079)),(((((((t569,t3726),(((t3266,t4236),t3712),t3369)),((((t1332,t3447),(t3383,t4186)),t2879),(t2176,(t4256,t5697)))),t1099),(t1048,((t2005,(t4205,t4267)),(t3431,(t4728,t5564))))),(t354,(t1837,((((t2169,t4431),t2728),t2542),(t2503,t4046))))),((((t489,t5643),(t1954,(t5360,t6158))),(t1838,t2624)),t946)))),(t475,t4452))),((((t1798,((t2666,t6083),t3385)),((t666,((t4479,t5921),t5624)),t2622)),((((t654,(t2642,t5022)),((((((t1617,t4303),(t3976,t5951)),t3559),(t3017,t3849)),(t2748,t5706)),(t1651,(t1947,t5318)))),(t981,(t1360,t1032))),t845)),((t1900,t3125),t3472)))),((((((((((((t1720,t492),t1263),t3475),((((((t834,t5917),t3501),(t3234,t3353)),(t3198,t5983)),((t2606,t5334),(t4391,t5915))),(((t1886,((t1609,(t5981,t6104)),t4805)),(t1853,t2872)),t1821))),(((t682,t5493),(t3114,((t3878,t4406),(t4027,t4665)))),(((t846,((t4039,t5476),t5340)),(t4219,t4500)),((t2177,t5633),t2783)))),((((t1151,t5971),(t3706,(t4560,t5617))),(t544,t3767)),(t712,(t3896,((((t4080,t5848),((t5649,t6110),t6109)),t4409),t4174))))),(t751,((t906,(t2060,t4634)),((t1780,(t5141,t6130)),(t3197,(t3725,(t4276,t5578))))))),((t894,t5474),(t2776,t3499))),(t1001,t311)),((((t693,((t4417,t4993),t4555)),t4405),((((t1279,((((t2875,t5970),t5140),t3881),t3583)),((t2791,((t4372,t5956),t4675)),(((t3058,t6089),t4909),t3713))),t2139),(t1435,(t4090,t5705)))),((t84,t4529),(((t1722,t5834),(t4356,t4952)),t3743)))),(((((((t1979,t5879),t2222),(t4362,t5164)),((((t1271,t6069),(t3262,t4898)),t2272),t1829)),(t1000,(t2391,(t2600,t3869)))),((t137,(((t2668,t5783),t4260),t3762)),((t1567,(t2873,t5658)),(t2165,t5544)))),((((t1596,(t5065,t5752)),((t3451,t5545),(t5479,t5905))),((((t4730,t1221),t3765),(t2882,t5521)),(t2224,t5579))),((((t1169,(t2789,(t4457,t5400))),t1794),t1442),(t926,(t2442,(t3974,(t4875,t5736)))))))),(((t12,t5700),t3933),(t542,t4780)))))),(((((((((((t1901,t5397),(t235,t5926)),(((((t805,(t4822,t6155)),(t2236,t6028)),((t1970,t5893),t5666)),(t619,((((t1387,t5587),t5096),(t2318,(t3123,(t3811,(t4592,t5178))))),((((t2564,(t4903,t6063)),t5715),t3788),t2757)))),((t784,t5226),(((t1144,t4733),t4610),(((t1684,t5954),t5874),t4844))))),(((((t375,t4070),((t3916,t5335),t5137)),t3715),(((t3057,t5235),t4251),t3299)),((((t377,(t2874,((t2999,(t5325,t5727)),t4718))),((t2870,t4419),((t2981,t4910),t3798))),(t676,(((t2016,t5541),t2209),(t2158,t2768)))),(((t384,(t4073,((t4426,t5664),(t5420,t5531)))),(t2602,(t3203,t3283))),t1348)))),(((((t129,t4587),(t4146,t5572)),((t3527,t4897),t1924)),((((t1358,t5480),(t4648,t5237)),(t2310,t2812)),(((t2770,((((t3400,t5080),t4806),(t3949,t6108)),(t3416,(t3912,t4791)))),t425),(t2537,t5028)))),((((t2132,((t4086,t4928),(t4392,t5619))),(t1133,t3722)),(t725,t4671)),((t277,((t2326,t4410),((t2449,t5548),t5153))),t1985)))),((((((t935,t5717),(t2741,t2852)),(((t1925,t2771),(t2015,(t3866,t5805))),(t2107,(t3618,t3796)))),(t1101,((((t3418,(t4722,t5912)),t4439),t2878),(((((t2103,t5864),t5285),t3155),((t2811,t5475),t3989)),(t2301,(t2842,t5596)))))),t2346),t48)),((((((((t334,((((((t1157,t5104),(t4836,t5880)),(t4116,t6106)),(((t4059,t5769),t4885),t4228)),(((t1233,(t4644,t5408)),((t2026,t3770),(t2853,(t4145,t5166)))),(t1751,((t1673,t4458),(t3739,t5482))))),t2844)),(((t868,(t3227,t3080)),(((((t1515,t5159),(t3474,(t4551,t5982))),t3471),((t2306,t4137),(t3004,t4144))),t1613)),(t2192,t4618))),(((t810,((((t1311,t5841),((t3376,t5329),(t4711,(t4749,t5225)))),((t2422,((t3236,(t4719,t5889)),(t4117,(t5146,t5386)))),(t2583,(t3235,t5407)))),(t2019,(((t2273,t5077),t4862),t3022)))),((t1286,t2374),t1652)),(t1051,(t2715,t5580)))),((t405,(((t4787,t2101),t4341),t3337)),(t288,t5010))),((((t28,((t3953,t6088),t5045)),t3282),(t2787,(t2802,(t2998,t4220)))),t4300)),((t274,t4284),((t635,t5066),((t1420,(t3695,(t5306,t5357))),(t3225,(t3421,(t4480,t5027))))))),((t246,t2076),((((t1497,t6119),t5875),t5527),((t2342,t6035),t4894)))),((t404,(((t128,t2810),t1759),t1079)),(((t172,(t5035,t5807)),t3883),(((t568,t4783),t3687),(t3938,(t4181,t5508))))))),((((((((t2880,t3591),t4495),(t3860,t5819)),((t2243,(((t1716,t3728),t3727),((((t3232,(t5200,t5343)),t4522),(t3990,t5273)),t3433))),(t1793,t2242))),((((t24,t4741),t4579),t4269),t2937)),(((((t645,t6146),(t6121,t6142)),t5231),(t2396,(t2641,t5726))),((t677,t3445),t748))),(((((t1734,(t4891,(t5120,t5523))),t4545),t2493),(t228,(t3963,t5647))),t1047)),(((((((t273,(t1917,t3859)),(t1649,(t2670,t3071))),((((t988,(((t1540,t2625),(t2492,t2699)),t2359)),(((t1296,t4509),t3817),t3630)),t2315),((t1850,(((t2805,t5446),t3631),((t3244,t3592),(t3463,t5571)))),(((t2524,t5829),(t3121,t5814)),t2897)))),(t984,((((t2560,t5429),t4747),t4526),t3823))),(((t387,(t2038,(t3892,(t5660,t5896)))),t1856),((((((t436,(t3392,t3561)),t2909),t2593),t2557),(t2281,(t2325,t4604))),t929))),(((((t2161,t5233),(t2591,t4834)),(t236,t5500)),t1574),((t2206,(t2282,((t3007,t4724),t3753))),t4574))),((((t398,(t3362,t5367)),((((t848,(t4624,t4772)),t4600),(t2142,t4229)),(t1376,t3492))),(((t754,t3784),((t2337,(t4408,t4866)),t2344)),(((t972,t3469),((t3180,t5710),(((t4126,t6096),t5253),t4769))),(((t1203,t3489),t1994),(t1962,t3273))))),(t529,(((t1923,t4742),(t599,(t5552,t6082))),(((t1013,t3470),(t1694,t5372)),t2166))))))),(((((((((((((t1688,t5759),(t3468,t5686)),(t2816,t3840)),(t2370,t4034)),(((((((((((t476,t5676),(((t2339,t3086),(t2931,t3689)),((t2607,(t3478,t5532)),(t2713,t3217)))),t1731),t1513),(((t1472,t5688),t5257),((t1895,(t4153,(t4279,t4934))),(t3373,(t3649,t5424))))),(t1276,(t3797,t6170))),(((((t3322,t3548),(t1178,t4705)),((t2917,t6054),t3113)),(t2671,t4298)),t1810)),t1143),((t1743,((t2238,t5409),t3553)),((t807,t4221),((t3828,t5097),(t4285,t5428))))),((t285,((t1705,t2432),(((t1830,t4912),t3003),((t2601,t5319),t3251)))),(((t661,(t1902,t4939)),((t1090,t5492),t4477)),((t953,((t3582,t4223),(t3998,t5115))),(t2746,t3634))))),(t1632,t2905))),((((t466,t5416),t3379),((t1570,(t592,(t1945,t6000))),(((t777,((t2257,(t4368,t4879)),(t2440,t5622))),((t2241,((t2818,t4440),(t2821,(t3132,t4777)))),((t2276,(t5277,t5457)),t4941))),t1740))),(((t2889,(t357,t5419)),t2614),((t2631,t3371),(t3908,(t5431,t5988)))))),((((t1120,t6070),t584),((t899,(t3464,t5136)),((t1027,t5670),(((((t2203,t2718),(t1987,t6182)),(t2499,t4099)),(t2605,t4808)),(t3993,t5551))))),((((((t233,t5202),t2155),((t1936,(t2498,t2780)),(((t2390,(t3939,t5907)),t3446),t3191))),(t1755,(t2616,t3565))),((t2317,t2907),(t2458,(t2987,t4385)))),(((((t1254,t5441),t5279),t4420),(t3462,t6167)),((((t3874,t5948),t1003),(((t2366,t5308),t3776),(((t3027,t5797),t4311),((t3377,t5719),((t4077,t4266),t4213))))),((t2093,t6123),t4365)))))),((t68,(t3374,(t5100,(t5122,t6190)))),(((t1023,t6143),t5614),((t2452,((t3490,t5597),(t4247,t6023))),t3317)))),(((((t192,t4386),((t1510,t6039),t4110)),((t839,(t2512,t5168)),((t938,t5323),t3838))),(((t607,t5810),(t1878,t3213)),((((t1113,(t3311,t4595)),(t2910,((t4354,t5974),t5427))),(t2726,(t3246,t3688))),(((t1372,(t3351,t6020)),(t1663,t2106)),((t1584,(t4517,t4643)),t2414))))),(t559,(t2942,(t3281,((t4674,((t5008,t5860),t5179)),t4854)))))),((t213,(t303,(((t1823,((((t3792,t5930),t5645),t4932),t4483)),(((t1966,t3241),((t3101,(t4159,t4812)),t3663)),t2022)),(t3214,(t3836,(t6055,t6185)))))),((t407,((t3184,t4521),t3645)),((((t2256,t3051),t2830),(((((t1287,t5995),t5703),t4980),t2303),(t4178,t6032))),t1142)))),(t2070,t5936)),((t261,t5737),(t1928,t5838))),(((t864,(t2626,t6166)),((((((t911,(t3639,t6030)),t3522),t2504),(t1840,t3919)),((t1401,(t2734,t3546)),(t3255,t4920))),(((t4026,t5243),(t1747,t4554)),(t1464,(t5388,t6141))))),((t64,t3163),t2957)))),(((((((((t1037,(t1385,t4283)),(t2862,(t821,t5794))),(((((t1046,(t5051,t5385)),(t2586,t3857)),t1831),(t1397,((t1631,t4908),((((t2219,t4188),t3845),((t3579,t5966),(t3671,(t4309,t4571)))),((t2902,t5590),t4578))))),(t1167,t3997))),(((t1202,t5191),t3171),t1482)),((t474,(t1045,(t2010,t3055))),(t1592,(t1711,t6008)))),(((((t411,(t4887,(t5689,(t5922,t5947)))),t3873),t3777),(t2603,(t3763,t4466))),(t1163,t3507))),(((((((((t287,t2538),((((t2680,(t4606,t5355)),(((t3956,t5724),t4381),t3958)),(t4199,t5872)),t2822)),(((t843,t2324),((t1788,t5069),(t3440,t5528))),t1626)),(t1681,((((t786,t5455),t3596),t3493),(t3164,(t4212,t5458))))),(((t1763,(t2477,(t5205,t5436))),(t660,t5942)),(((t1795,t5957),(t3079,(t5004,t5094))),(t862,((t1484,t1556),((((t1539,t5312),(t3497,(t4527,t5634))),(((t4005,t5903),t4204),(t2570,t6136))),(t1949,t3996))))))),t637),((t240,(((t3562,t5878),t5230),t3769)),((((t699,t2645),t1993),(t913,((t1292,t5311),((t1300,(t4155,t5487)),t3950)))),(t470,((t3848,t4839),t4627))))),((((((t1926,t3157),(((t2494,t5099),t4992),(t2271,t5331))),t1396),((t1614,((t2544,t5461),((t3677,t5781),t5591))),t2188)),(t1207,t5772)),((((t979,(t3735,t3833)),t3442),(t2618,t5209)),t2063))),((t63,t4127),(t4929,t5371)))),(((((((((t105,t5651),(t2279,t5486)),t2000),t1758),((t2122,(t4715,t5296)),(t3702,t6076))),((((t1627,((t2720,t5559),(t4638,t4660))),(((t1164,((t3358,t5084),t4172)),t2589),(t1960,t3686))),(t591,t4184)),(((t209,t6189),(t4983,t5337)),t4287))),(((t605,(t2559,t2866)),t2259),(t1980,((t2855,t5024),t3419)))),((t877,t4152),(t1390,t5415))),(((((t2814,(t3802,t4335)),(t3046,t4543)),(t2135,t3319)),t3985),((((((t937,((t3250,t3643),t3967)),(t1153,t4620)),t393),(((t954,t5515),(t4076,(t4902,t5561))),(t2777,(t3635,t4344)))),((((((t432,((((t3653,t5843),t2094),(t2704,t3616)),(t2178,t2795))),t1790),(((t1330,t5923),t1640),t4614)),(t1198,(((t2197,t6099),t5775),t5720))),t1183),((t1666,t4460),(((t2349,t5274),t4684),t5547)))),((((t2495,t5300),t3081),t5825),t687))))),((((((((((((t2946,t5594),t5305),((t3330,t4716),(t3934,(t5615,t5994)))),((t2948,t3914),t3399)),t4999),t1891),(t857,t5326)),(((t2096,t4729),t3335),t3072)),((t585,((t2786,t3852),t3721)),t4794)),(((((t566,t4464),t2059),(t2048,((t2364,t5946),t4009))),(((t2772,(t3120,t5680)),t3667),t1931)),t496)),((((t1346,((t2654,(t4964,t5026)),t4015)),(t1650,((t1703,t6188),(t2908,t3430)))),((t1378,t4736),t1749)),((t609,(t1018,(t4244,t5320))),t1168))),((((t945,(t1509,t5856)),t873),(((((t565,t5061),((t3899,t1702),(((t1746,t3623),t3564),((t2296,t2447),t2404)))),(t822,((t975,(t5212,t5380)),t2898))),(t771,((t3602,(t4927,t5181)),t4559))),((t753,t4253),(((((t1742,t4653),t4242),t3104),t2927),(((t2456,t5955),t5538),t3573))))),t417)))),((((t132,(((t830,(((t1906,t4658),t4162),(t3519,t4864))),(t1974,t5356)),t498)),(((t1041,(t3136,((t4094,t5387),t5351))),(((t1667,(t3973,t5044)),t3271),(((t4203,t1754),((t4079,t5003),(t4886,t5170))),t3480))),(t883,((t2575,t4613),(t2152,((t4061,t4752),((t4081,t6137),t4848))))))),((((t292,t5039),((t793,(t1950,t6124)),(t990,((t3831,t5152),t5005)))),(((((t885,t1879),((t1383,t4380),(t2115,t2754))),((t385,t5869),t5217)),(t717,t5511)),((((t296,t4865),t3681),((t2886,((t3795,t5784),(t4921,t5627))),t1908)),(((t3476,(t3644,t5392)),t991),((t1772,((t2659,(t5712,t5722)),t5161)),t2069))))),((t2173,t2572),((t983,t3789),(t3410,t6024))))),((((((t986,t4750),t4353),(((t993,t5711),t5310),((t1874,t3064),(t2755,t3807)))),((((t817,t4050),(t3002,t4055)),(t1741,t4068)),(t1357,(t2470,t4601)))),(((t324,((t2425,t4119),((t2578,t5199),(((t2990,t4803),((t4635,t5535),t4933)),(t3567,t4486))))),(((t336,(((t1658,t5224),(t3736,t5747)),((t3166,t5757),t3344))),((t1100,(t2945,t4038)),(((t1933,(t4654,t5518)),(t4170,t4623)),(((t2145,t6181),((t3775,t5642),(t3870,t5288))),(t2320,t3719))))),t1812)),((((t1612,t4402),(t2750,(t4563,t5481))),((t1956,(t4371,t4746)),t3542)),(t4843,(t5109,t6010))))),(((((t284,(t1107,t6084)),((t1606,t5760),(t3037,t5067))),((((t1034,(t3975,t4765)),t5904),(t1243,t4062)),(t1744,((t5053,t5898),t5818)))),(((t997,(t1115,(t2136,(t4576,t5165)))),(t162,(((t1997,t5229),t4709),(t2130,t4788)))),((t169,t3287),(t270,t1977)))),(((t37,t5157),t3805),t2916))))));
data/birth_death/5000/model_trees/bd.8.model_tree	data/birth_death/5000/dcm_source_trees/100/bd.8.source_trees	4.397927522659302	4.01	0	0	1.0	0	0	1.0	(((((((((((((t87,(t3520,t6107)),(t420,t4125)),(((t334,((((t511,(t3935,t4308)),(t3877,t5956)),t4335),(((((t932,t3797),t1422),(((((t1297,(t5594,t5915)),t3489),(t2539,t5234)),t1809),(t1306,((t1537,(t3456,t4034)),t3340)))),((t1218,(t2066,t2704)),(t1745,(t3684,t4339)))),(((t1158,t2403),(t2054,(((t2412,t3998),t3187),((t2836,t4536),t4302)))),(((((t1425,t5350),(t4218,t5076)),((t4039,(t4490,t6165)),t3769)),((t2476,((t3328,t5115),(t3577,t5268))),((t2521,t6072),(t2790,((t4576,t5291),t4773))))),(((t1830,((t4395,t5858),t5052)),t2645),(t1975,(t3990,(t5980,t6239))))))))),t2672),(((((t3079,((t5059,t6109),t5870)),(t4988,t5947)),(t2917,(t3411,t3791))),((((t1615,t6043),t5680),t4700),((t3831,t4857),t3962))),t403))),((((t4425,t4597),t134),t4131),((t1554,(t4517,t5914)),t1648))),(((t67,(t4161,((t4611,t5255),t5544))),(((t1560,t4504),((t3114,t4786),(t3325,t5574))),((((t395,(t1673,(t1941,t2686))),((((t1530,t5602),(t3872,t5020)),((t2869,(t2926,(t3065,t5783))),((t2824,t5697),((t3955,t6037),t5528)))),((t2486,(t4915,(t5051,t6163))),(t3853,t5454)))),(((((t441,t5353),(t2374,t4068)),t2037),(((t1677,(t2106,((t3986,t4455),((t4394,t5497),(t4983,t5118))))),(((((t2417,t4465),(t3286,(t4630,t5422))),t2875),(t2528,t4192)),t1916)),((((t1765,t6051),t5958),t4926),((t2100,t4878),(t4280,t4538))))),(t1012,t728))),((((t543,t6152),((t3199,t5673),t3894)),((((t2274,t5777),t4519),((t4770,t6179),t5646)),t3486)),(t1133,t5636))))),(((((((t107,(t3360,t4942)),((t1066,t4978),t2042)),((t266,t1575),(((t872,(t5098,t5849)),t3676),t1495))),((((((t260,t5186),((t1719,t3755),(t2698,(t5906,t6154)))),(t2067,(t3432,t5166))),((t563,t3193),((((t1259,t3772),t3282),t2730),(t2389,(t2970,(t3234,t4675)))))),(((t686,t981),((t380,t5941),(((t2061,t5760),t5224),t3922))),(t1334,t2422))),(t359,(t3305,t6102)))),((((((((t1181,t5451),(t1671,t4461)),t58),t1169),(((t1166,t4690),t2548),(((t1772,(t2910,t4057)),t2291),t2110))),(((t2153,t3896),(t3351,t5324)),t1711)),((((t1419,(t4099,t5300)),t3837),(t1698,t5684)),(t638,t6008))),((((t935,(((t2396,t5510),(t2567,t4116)),t2297)),(t1099,(t1476,((((t2211,t5701),(t5524,t6044)),t4511),t3738)))),((t1485,(t4445,t4985)),t523)),t883))),(((t105,t4909),(t2517,t5010)),(((((t497,t6203),t5315),t3989),((t1561,t5151),t2444)),(t313,t4146)))),(((t98,t5403),t4287),((t1690,t4633),((t3714,t5962),t5902)))))),(((((((t2705,(t4311,t5126)),((((t1633,t3466),t3152),(t3083,t3124)),((t1862,(t2205,t5892)),t2944))),(((((t937,t4962),t3984),t3493),(t3021,t4292)),t2372)),(((((t784,t5221),t1663),(((t1295,t3937),((t2851,t3908),(t3434,t5358))),t2707)),((t3072,(t3991,((t4447,t4945),t4819))),(t2493,t5280))),((t564,t4762),(t1329,(t4438,t3973))))),((((((((t624,(t4507,(t4892,t5392))),t3618),((t3030,t6204),t3039)),(t2463,t2634)),(t1573,t2598)),(((t1053,t4825),(t3192,t3929)),((t2082,t6202),(t3521,t3765)))),((t3091,t5644),(t3871,t5064))),((((t1275,t5961),(t3169,t3549)),(((t410,t3705),((t3610,t6006),t5499)),((t1997,(t5078,t5461)),(t3144,(((t3978,t6162),t5158),t4923))))),t1409))),((((((t676,(t2844,(((t4228,t5869),t4965),t4565))),(t1397,((t1125,t6131),(((t2432,t5616),t4744),t2409)))),((t2534,(((t4056,(t5833,t6075)),t5036),t4660)),((t3184,t6035),((t4525,t5939),t4974)))),(t147,(((t1738,(t3616,(t4010,t4118))),((t2779,t5582),(t4160,t5807))),(t2060,t5085)))),(((t555,(t4290,t4398)),((((t1232,(((t2880,(t5067,(((t5337,t5838),t5573),t5495))),(t4407,t4664)),(t3667,(t3728,(t4196,t5152))))),(t3786,(t5521,t5986))),(t1908,t4628)),t1540)),((((t602,t6156),((t2336,t3477),(((t2793,((t5364,t5999),t5503)),t3923),((t3055,t5398),t4653)))),(t1701,(t4716,t5271))),((t1645,t5682),t5531)))),((t1132,t2915),((t1361,t4776),t3460)))),(((((t190,t4516),(((t910,t4602),(t4296,(t5978,t6138))),t3334)),(((((t812,t4922),t3878),(t2586,((t3090,t4337),(t4314,t4450)))),t1978),((t1233,(t4730,(t5558,(t6161,t6178)))),(((t2889,t5154),(t1945,(t4448,t5699))),t2646)))),(((((t467,t6229),t5562),t5355),t3222),((t1875,t4169),((t1815,(t2749,t5033)),((t2694,t5909),(t5072,(t5213,t5341))))))),((((((((t81,t5322),(((t1787,(t5235,t5866)),(t4550,t5251)),(t2802,t3485))),(t1670,t4531)),t2119),(t1209,t5720)),(((t1030,t4621),t2734),(((((t1305,t5860),(t4897,t5606)),(t3564,((t3995,t6122),t5731))),t2901),(t1488,(((t2325,(t5005,t5285)),t4463),t4397))))),(t849,t2997)),(((((t194,t4710),((t2885,t4205),(t3163,t5484))),((t1803,(t2927,t6092)),t1851)),((t721,(t3959,(t4362,t4952))),t2541)),((((t963,t5608),t3429),(((t476,t4537),(t4129,t5184)),t2936)),((((t846,t5546),((t1826,t5273),(t2194,t3661))),(t1174,(t3685,(t5443,t5710)))),(t949,((t2128,t5722),t3586))))))))),(((((((t207,t4424),t1267),((t790,(t5183,t5948)),((((t1658,(t3798,t6177)),t3602),(t2490,t5945)),(((t3329,(t5845,t6158)),t4349),t2322)))),((((((t423,t4076),((t2196,(((t3584,t6076),(t5575,t5963)),t4303)),((((t3070,t4885),t3744),((t3382,(t4258,t4419)),t5351)),(t4706,t5103)))),(t1949,t3319)),(((t734,(t1796,(t5784,t6013))),(t1022,t4430)),((t953,t3785),(t2436,(t3569,t4933))))),(((((t433,t4578),(t2778,t5276)),((t2248,(t5468,t5597)),t3609)),((t489,t2966),(t899,(t3781,t4386)))),t710)),((((t438,(((t3348,t4877),t2300),((t2357,(t3942,(t4989,t6029))),t3181))),(((t1570,t5790),t2810),((t2133,t5634),t5092))),((t2340,((t2788,t6238),t5752)),t2863)),((((t1429,((t1380,t3482),t2465)),t675),(((t1131,t5084),t2731),((t1382,(t2086,t5679)),((((t1599,(t6171,t6185)),t5523),t2582),(t2378,(t2608,t4997)))))),(t803,(t2924,((t3206,(t4979,t6146)),t4615))))))),((((((((((t158,t5572),(t4359,t5678)),((t2560,t3726),(t3662,t5763))),((t2487,(t4178,(t5457,t6221))),t3003)),t2221),((t2091,t3622),(t2311,(t2511,(t3508,t3994))))),((((t1988,t5189),t4947),t4177),(t4157,t5775))),t1880),t1215),(((t1282,(t1656,((((t2663,t6056),t5409),(t4949,t5733)),(t2132,(t4542,t5576))))),(t1424,((((t2151,t4759),((t3515,t6080),t5615)),(t3854,t4200)),t3893))),t1333))),(((t861,((t1151,t4389),(t3291,(t4521,t5840)))),((((t965,t6014),(t4721,t4881)),t3598),(t1108,t3509))),((t170,t6211),t2838))),(((((((t760,t5736),t3503),(t3314,t5210)),t3066),((t1820,t4798),(t2180,(t4127,t6148)))),((((t2318,t3437),((t3136,t3435),t3223)),t5215),((t1681,((t4000,t5669),t5564)),(t3474,((t4233,(t5138,t5442)),t4747))))),(((t929,t5971),(((t3544,t3764),t3566),t3552)),t3371)))),((((((((((t631,(((((t2797,t5526),t5304),t5145),t4070),t4014)),(t1907,(t3499,(t3756,(t4552,t6096))))),(((t1019,(((t3968,t6212),t5871),t5481)),t2308),(((t896,(t2890,((t4104,t5789),t5142))),t2840),(t1496,(t4795,t5761))))),(((t135,t6150),t5196),((((t3209,(t5260,t6167)),t4969),(t4085,t5360)),(t3596,(t5695,t6022))))),(((t1474,(t1883,t2407)),t515),(((t2249,(t4168,t5529)),t3751),(((t3210,t5926),t5917),t3565)))),(((((((((((t2032,t6083),t4114),((((t2607,t4520),(t4508,((t4572,(t5090,t6189)),t4976))),t4239),((t3052,(t4270,t6088)),t3462))),t688),t1589),(((t1383,t3895),t2466),(t1695,(t4977,t5911)))),(t41,((t3201,t4053),(t3294,t3760)))),(((t552,t5128),((t3288,t4853),(t4618,t4720))),((t903,t2804),(t2073,((((t2323,t3363),(t3034,t5964)),t2639),(((t2474,t5813),t4385),t2411)))))),(((t347,((t1248,t5159),(t3476,((t4194,(t5191,t5430)),t4732)))),((t605,(t2670,t5991)),t2017)),(t503,(((t1197,((t2618,t3725),t3415)),t2865),((t1822,(t2964,t5452)),((t2594,t5907),(t4951,t5229))))))),((t389,t2554),(t1802,(((t2553,t5485),(t3538,t4838)),(t2660,t2811))))),(t189,t4108))),(((t116,((t655,((t4193,t6062),t5046)),((t745,((t1536,(t3799,t4718)),(t2244,t4908))),((t2589,(t4917,t5603)),t3948)))),((t295,t2509),((t757,(t4822,t5868)),((((t967,t5369),t4637),t2814),t1523)))),t212)),(((((((((((t335,t5194),t3576),t3378),t2982),t1052),(t401,((t477,((t1773,t3138),t3002)),(((((t768,((t2801,t3855),((t3733,t4495),t4152))),((((t2642,t5693),(t5426,t5880)),t4454),t2754)),((t2947,(t2290,t5434)),((t2750,(t4102,(t4708,(t5725,t5825)))),(t2953,t5212)))),(t2052,t4410)),t759)))),(t677,t3463)),((t1502,(t2572,(t2815,t3273))),(t2513,t5757))),((((t1469,((t3220,t6120),t4695)),(t94,(t3925,t5836))),(t1399,(t2894,(t2990,t5438)))),(((t673,(t2137,((t2283,(t3240,t6010)),(t2715,(t4384,t6055))))),(((t1379,t6108),(t4267,t5530)),(((t1705,t5227),(t3109,t5903)),((t2114,(t3752,t5851)),t3438)))),(((t1323,(t4439,t5037)),t3763),(t1922,t2713))))),((((((t297,(t4313,t5563)),(t822,(t3019,t5125))),(((((t3708,(t5041,t5261)),t3713),(t3185,(t4289,t5207))),(t2124,((t2251,(t5274,t5345)),(t4320,(t4505,t5104))))),((t1659,t6143),t2512))),(((t514,t4210),((t2571,((t3695,t5659),t4277)),t3390)),(((t618,(t6040,t6067)),(t3467,t5560)),((((t2991,t5502),t1478),((t1948,t3961),(t1296,t3981))),((((t1706,t4775),(t4117,t4686)),(t3315,t5545)),(t2076,(t5835,t5952))))))),((((((t1807,t3823),(t2271,t2949)),((t3113,(t4921,t6175)),t4530)),((t1284,(t4641,t6104)),t3472)),(((t972,t3817),t3141),(t1850,t4353))),(((t4003,t5253),t1054),((t2443,t5190),(((t3081,t5412),t4649),t3542))))),(t2684,t3495))),(((((((t136,t4986),t4456),((t2380,t6046),((t4054,((t4502,t5864),t5407)),((t4072,t6093),t5313)))),((t1444,(t4619,t6118)),((t2293,t4412),(t4262,t5475)))),(((t479,t5846),(t5136,t5817)),t2087)),(((t834,(t2328,(t4534,(t4821,t5567)))),(t2184,(t4854,t5265))),(t432,((t2216,t3883),t2324)))),t482))),((((t5044,t5785),(t1011,(((t1184,(t3669,t4546)),t3011),t2905))),((t888,(((t2108,((t3358,t5627),t5284)),t2762),t2207)),(t1692,(t2094,t3178)))),(((t124,(t3226,(t3570,t3863))),t1470),((t727,t3901),t3023)))),(((((t25,((t1319,(t2781,t3431)),((t1665,t4216),((t2562,t4903),t2791)))),t498),((((((t1955,t5624),t4887),(t2420,t3303)),t483),((((t1623,t5543),t5105),((t3000,(t4982,t5370)),t3617)),t2574)),t1236)),(((((t874,(t3024,(t3217,((t5650,t5981),t5830)))),(t2142,t2200)),(t2740,((((t1386,t5311),(t4356,t6000)),(t4195,t6073)),(t3357,t5787)))),(((t536,t5083),((t4121,(t5482,t5765)),t4179)),((t2995,(t5508,t6047)),t4681))),((((t597,((t3543,t6144),(t4147,(t4322,(t4677,(t4733,t5748)))))),t3361),(t1186,t5121)),(((((t984,t5354),(t5023,t5173)),t3632),t2250),((t2459,t3677),((((t3447,t5685),t4379),t4065),t3813)))))),((((((t323,(t3526,t6095)),t3424),t2776),((t1591,t3093),(t2413,(t2986,t5795)))),(((((t404,t5048),(((((t3389,t5692),t5150),(t4305,(t4614,t5598))),t3913),(t3640,t5367))),(t2544,(t5312,t5539))),((t1666,t6160),t5228)),((((t766,t4387),(t4242,(t5703,t6141))),t3867),((t1270,t4928),((((t1407,t6053),t3972),(t2662,(t5232,t6004))),((((t1484,(t5165,t5581)),t2525),((t2235,(t2728,t4685)),(t2450,t4734))),t1712)))))),t2506)))),((((((t57,(t2093,t2237)),(t1934,((t4417,t5440),t5089))),(((((((t412,t2678),(((t2561,t4603),t4823),(t3121,(t5414,t5467)))),t2049),((((t2577,(t3531,t5888)),(t2008,t5211)),t1283),(t1746,(t4225,t4994)))),((((t1193,t4275),((t1345,t5373),t4557)),((t2611,t5551),t4937)),(((t1580,(t4080,(t4181,t6066))),(t1689,((t1786,t5645),(t1920,t5895)))),((t3051,t777),((((t1238,t4299),(t4234,t6230)),(t2883,t5743)),(t1606,t2527)))))),((t391,((t3789,t5718),(t4334,(t4869,t6191)))),((((((t629,(t5458,t5653)),t4481),(((t1585,t3527),t3339),(t1938,(t1921,t4081)))),((t1543,(t4815,t5377)),((t1919,(t3457,t5637)),((t3135,((t4486,t5899),t4739)),(t3459,t4946))))),((t672,t5865),((t852,t1576),((t1320,(t3793,t5197)),(t2504,t3397))))),((((((t765,t4861),t3559),t1831),((t1387,t5628),(t2479,t4896))),t2496),((t719,(t4232,t5307)),(t2624,(t3516,(t4189,t6110)))))))),((t1260,t4120),(t1812,t2010)))),((t505,t4052),((t1549,t2122),(((t1894,t3938),((t4008,t5282),t4980)),(t1438,(t1943,t4388)))))),(((t153,(((t897,t4235),t3776),t3592)),(((((t1004,t5086),((t2442,((t3166,t5983),t3335)),t3078)),(t1005,t4282)),(t1639,(t2397,(t4472,t4608)))),((t310,t4227),((t1411,t2609),(t1893,t6214))))),((t892,t2162),((((t273,t5924),t2370),((t2038,(t3461,t3594)),t2361)),((t1923,(t2064,(t3809,t3844))),t2019))))),(((((t42,t3270),(t1463,t2855)),((((((t1362,t4605),t4585),(t2870,t5932)),t2428),((t945,t5632),t3571)),((t574,t5912),t3269))),(((t205,((((t2735,t5943),t5240),((t3770,t5053),t3836)),t3492)),t970),(((t878,((t3149,(t4741,t5314)),t4954)),((t2174,t4911),t3097)),t1998))),(((t1614,(t1983,(t2282,t2452))),((t661,t5549),t3130)),((((t1073,t4186),(t2485,t4466)),(t2197,(t3406,t3624))),t2170))))),((((((((t28,(t4310,(t4696,t5498))),(((t4886,t620),(t2724,t4925)),t3131)),((t371,((t2219,(t4477,t5043)),(t2440,t3701))),((((t2462,t4624),t3478),((t430,t5854),(t3519,t4987))),(((((t2183,t5281),t2438),(t612,(t3971,t5287))),t2080),(t1693,t5348))))),((((t3386,t88),((t2772,(t2859,t3027)),t1751)),((t1643,t2658),(t2584,t3016))),((t751,((t1168,(t1309,((t2597,t5609),t4128))),t1219)),(((t956,t4830),((t3228,((t3488,(t4535,t5423)),(t3757,(t5180,t5897)))),(t3423,(t5256,t5937)))),((t1264,t4889),(t3775,t5161)))))),(t23,((t2303,t4990),((t3604,(t4248,t5185)),t3697)))),(((((((((t595,t4701),(t2499,t5647)),((t1293,(((t1632,t5913),t3704),t2117)),(t1597,t6174))),t1093),(t593,t4559)),((((((t1981,((t2218,t4391),t2996)),t326),(t577,((((((t698,t5343),(t5028,t5905)),t4676),t4082),(t2916,(t3203,t3985))),(((t2622,t6038),(t3522,(t4211,t5984))),t3293)))),((((((t490,((t4691,t5368),t4880)),t4091),t3686),(t3310,t5776)),(t2898,(t4050,(t4411,(t5088,t5177))))),t2276)),((((((t1303,t5621),(t1471,t5308)),t3395),(t1211,t3652)),t393),((t600,t1341),(t714,(((t1660,(t4025,(t5362,t5371))),(t2434,t5374)),t1718))))),((t356,((((t1226,t3042),(t1631,(t3953,t4956))),((t2457,(t3774,t3838)),(t2736,t2888))),((t3859,t6112),t5989))),(t582,t4381)))),((t59,((((t382,t4650),((((t2399,t5712),t5206),t3741),(t2818,t3886))),((t1311,t3077),t1404)),(((t652,t1051),(t1045,((((t1508,t5586),(((t3332,t6190),(t5818,t6032)),t5187)),t3170),t5450))),((t1483,t4021),(t1190,(t1318,(t2599,t4268))))))),((((((((((t364,(t5500,t5747)),(((t4901,t3304),t4771),(t3934,(t5690,t5852)))),t2516),(t1925,t5127)),(t1723,(((t2879,t5019),t3903),t3207))),(((((t2021,t5514),t5410),t3947),t3608),(t2825,(t5605,t6201)))),((t495,(t4451,(t4754,t5171))),(((((t679,(t5233,t5823)),(t4826,t5848)),(((t1223,(t4047,t6054)),t2806),((t2524,t5977),t3535))),(t789,t2976)),t730))),(((((t407,t5389),(t3680,t5639)),(t2168,(((t2469,t4079),(t3208,(t4723,t6027))),t2727))),(t1384,(t1777,t5153))),(((t1176,(((t2826,t3454),t3120),t2448)),(t3969,t4281)),t885))),((t524,t3404),(t3111,t5117))),(((((t2552,t3868),t242),((((((t764,t6132),t6020),t5248),t4780),t3171),(((t895,(t4361,t4627)),t4208),(t4199,(t4898,t5074))))),((t845,t4300),((t3061,t5982),((t3525,t5719),t4158)))),(((t333,t5378),((((t417,(t5670,t5966)),t3159),(((t1473,t5554),t1911),(((t926,t5828),t3057),((t4373,t1758),t2732)))),(((t2098,t4981),t2832),((t2187,t3814),t3151)))),(t165,t3356)))))),(t21,(((t1273,t5862),t4957),(((t2349,t5429),t4560),t3420)))),((((((t264,t6021),(t2827,t5793)),(t1593,(t3591,t4688))),(((t544,(t3593,t5796)),(t623,((t1785,t5844),t2693))),((t3261,(t4599,t5338)),t4077))),((((((t4426,t5390),t2765),(t1905,(t2131,(t2559,t3326)))),(t854,(((t502,(t3933,((t5099,t6084),t5753))),(t2263,t2395)),t2275))),((((((t1291,t4276),(t3885,((t3987,t5317),t4995))),t2579),(t328,((t3231,(t4541,t4680)),t3970))),t1167),(t338,(((t354,((t3747,t4767),t4564)),(t1952,t5008)),t1164)))),((((t512,t5625),(t2950,t5791)),(t2227,t5512)),(((t1364,t5336),t4278),(t3505,t4503))))),(((((((((t164,(t5518,t5811)),t5242),t4835),t3818),(((t2331,((t4017,t4719),t4441)),(t2787,t3133)),(((t2690,t3258),(t2939,t5091)),(t2812,(t3501,t6233))))),((t1244,(t3691,t5578)),((t1939,t4968),t2775))),t1813),((t1140,t3660),((t2166,t5707),t2268))),(((t4569,t4966),(t4340,t4573)),t3949))))),(((((((t108,((t684,((((t914,t5618),t4960),(t2163,t4497)),((t1448,(t4288,t4427)),(t2668,(t4714,t4973))))),(((t1460,(t3498,t4244)),((t1007,(t4347,t5742)),t1065)),((t1135,t4763),t1088)))),((t462,(t1094,t1187)),(((((t1057,t4198),t4055),(((t2129,t3731),((t2310,t5827),t2647)),t2267)),(t3811,t5591)),(t1071,(t2143,t4312))))),((t352,((t1013,t5421),t4475)),(t1651,((t3004,t5397),((t3321,t5662),t5352))))),((((((((t678,(t3295,t6087)),(t1828,((t2126,t5771),(t3802,t6103)))),(((t1097,t6153),t5012),t4804)),((t821,t1044),(t841,((t2070,t4683),t3807)))),(t613,(t4883,t5070))),((t829,(t3007,t6121)),(((t1762,(t2847,t5385)),((t3049,t4266),t3843)),((t1641,t5676),t2716)))),(((t195,t5927),t4264),((t4027,t5298),t5160))),t647)),((((t172,t4738),((t1136,(t4593,t5017)),t3506)),(((t1548,t4752),t3927),(t2565,t4938))),t998)),((((t546,t5853),((t279,t4238),t3058)),((((t366,(t4124,t5109)),((t1989,t4165),t3615)),(t1915,(((t2360,t5580),t3160),t2024))),((((t1729,t4772),t4745),t3727),t2265))),(t360,(t938,(t3950,((t4692,t5931),t4953)))))),(((((t16,t3666),(t2873,t4040)),((t1610,t6188),((t2518,(t5018,t5878)),t3469))),((((((t2375,t5794),(t3829,t4781)),t318),(t921,t1529)),((((t434,(t1742,t3276)),(t1652,t2699)),(((t2393,t6114),(t1900,t4551)),(t1676,t4392))),((((t474,t6128),(((t1607,(t3702,t3393)),t3248),((t3071,t5556),(t3674,t5856)))),(t1230,(t2853,(t2557,t5306)))),(t723,((t1541,(t3707,t4374)),(t2854,t3960)))))),(((t740,(t5293,t5815)),t4323),(((t1490,t5741),t5455),((((t1764,t5417),t3394),(t3268,t4850)),(t3204,t4856)))))),(((((((t466,t3442),(t1525,t4345)),(((((t798,t4750),(t3297,t4173)),t3063),t811),(t1744,t4659))),(((t545,t4961),t4816),(t3165,t4553))),((((t154,t5665),(t2920,t5054)),(((t1528,t6208),t5342),(t2231,t4873))),(((t3250,t3996),t3943),t3392))),((((((t222,((t2757,t4031),(t2960,t4671))),(t1843,(t3547,t3754))),((((t1392,(t4668,t5550)),(t2708,(t4285,t5004))),(t2006,((t3287,t5642),t5940))),t1984)),((t818,t4249),((t4740,((t4792,t5299),t4817)),(t4171,((t4431,t5148),t4645))))),((((((t398,t5708),t5346),(t2566,t4629)),(((((t1727,(t6082,t6106)),(t3455,(t4148,(t5060,t5816)))),(t2683,t4847)),((t2344,(t5247,t6030)),(t3470,t4184))),(t1767,(t1810,t6234)))),((((((t656,(t5715,t6166)),(t5016,t6115)),t3820),((t2877,t3512),t3292)),(t1281,(t3322,t4113))),t1171)),((((((t2115,(((t3782,t5886),t5003),t4213)),t2612),((t1111,((t2549,(t4813,t5202)),t2837)),((t2540,t4341),(t4033,t5448)))),((t1072,t3373),t2484)),((t865,t5740),t1805)),((t2089,t6186),(t2602,t5705))))),(((((((t1161,(t1890,(t3306,(t5599,t6125)))),(t1200,(t5250,t6235))),((((t1050,t5772),(t4133,((t4457,t6206),((t4871,t6181),t6147)))),(((t1612,t5333),((t4317,t6195),(t4570,t5413))),(t2341,(t3244,t5359)))),((((t1250,t3847),(t2633,(t3641,(t4162,t4558)))),((t1458,t2796),t1901)),((t1436,(t2532,(t5124,(t5520,t6039)))),(t1520,(((t1630,t5501),t3556),(t2866,t3920))))))),((t1121,(t2201,t2720)),t1292)),((t282,t4206),((t2620,(t3257,t4893)),(t2922,t3790)))),((t558,(t2056,t2287)),(((t774,t4765),(t2892,((t3494,t4318),(t3504,t5842)))),t1354))),((((t231,(t2551,t2606)),(((t509,((t3582,t6164),t4026)),(t1896,t5472)),((t2900,((t4028,t5239),t4396)),t3059))),(((((t1138,t4251),(((t1979,t4803),t4518),t4291)),((t1299,t5058),(t4702,t5579))),(t825,t6042)),((t735,t3784),((t2675,(t2852,t3954)),((t2535,t5700),(t4845,t5694)))))),((t718,(t2175,t4554)),((t1733,t6237),((t847,t6193),((((((t1837,t5949),t4697),t4616),t4352),(t3545,t6170)),t2777)))))))),((((((((t97,t5893),(t2281,t3650)),t1352),(t901,t1491)),(((((t416,t6011),t5967),t4265),((t1864,t3246),t2157)),((t2159,t3633),(t2307,t5411)))),((((((t1032,(t3140,t5218)),(t4084,t4626)),((((((t912,t4669),t3862),t2508),(((t2065,t6045),t4735),(t2816,t3247))),(((t1993,((t3671,t4963),t3683)),(t3281,(t3703,t4061))),t2822)),((t3302,t3590),(((t3154,t5959),t5493),t4182)))),((((t2135,t4623),t2245),t594),((t1413,t4713),t1874))),t488),(t460,(t1437,t5935)))),((((((t680,t5111),(t4144,(t4269,t5031))),((t979,t5857),t3620)),((t516,(t5533,t6026)),((t628,(t3977,(t4545,t5604))),t3256))),(t2302,t2992)),((((t202,t4807),(((t1220,(t4999,t5923)),(t2278,t4284)),(t1647,(t2745,t4272)))),((t877,t3410),((t900,t3195),t1321))),((((((t1521,t5294),t4246),t2948),t2191),t1527),(t836,((t1480,((t3104,(t4860,t5465)),t4580)),(t4571,t6098))))))),((t175,(((t591,((t3384,t5916),t5445)),t3367),t1286)),((((t440,(t1558,(t2820,t5275))),((t1266,(t3648,t6157)),(t1968,t2666))),(((t3563,t5391),t1841),t2014)),((t1055,(t4087,t4164)),t4489)))))))),((((t30,(((t1442,((t3849,t4964),(t4217,t5519))),((t2081,t5303),t4920)),(((t1699,t5093),(t2989,t3085)),t2447))),(((t1991,t4304),((t114,t4567),t2771)),(((t245,t5861),t2394),((((t990,(t2139,t5671)),(((t1844,t4743),(t4139,t5419)),t2748)),(t1262,((((t1833,t5135),t3341),t2223),(t1806,(t5204,t5889))))),(t1076,t5843))))),((t123,t5283),t3213)),(((((((t1343,(t1935,(t2846,t5522))),(((t143,t6089),(t3074,t4918)),(t2739,(t4865,t5453)))),(t446,t5919)),((t299,t5289),(t4788,(t5335,t6184)))),(((t292,(t3452,t3808)),((((((t671,t5295),t2722),t1730),((t3710,t5179),t1675)),((t1373,(t1512,(t4100,(t5257,t5589)))),t3924)),((t842,t5922),(t5759,t6049)))),(t1001,(((t1147,t5672),(t2543,(t4452,t4651))),t2523)))),((((t773,t2908),(t2858,t6225)),((t1100,(t3272,t3870)),(t1756,(((t3398,(t4587,t6009)),t4449),(t3449,t3899))))),((t3496,t413),t2578))),(((((t117,(t2430,t2471)),((t1265,(t3860,t3879)),t2782)),((t762,t3939),(t1811,((t2425,t5974),(t2988,(t4562,t5612)))))),(t274,((t4380,t2472),t4044))),(((t1112,t4220),t4092),((t931,(t2013,t6101)),(t1285,(t3379,t4136))))))))),(((((((((((t214,(t3607,t6129)),(t2346,t3567)),(((t1852,t5114),t4366),t3491)),t1315),((((t659,t3537),(((t3174,t6134),t4959),(t3453,t4604))),(t1189,t2857)),(((t689,t4693),(((t2943,t4673),t4493),((t4250,t6126),(t4482,t6218)))),(t1179,t1347)))),((((((((((((t223,(t5427,t5756)),(((((t3907,t6078),t5780),t5478),t4884),t4707)),(t3046,(t4032,t5738))),(((((t2742,t5610),t5262),(t2895,t5473)),((t1963,t5638),t5380)),t2973)),(((t725,t4259),(t2140,t3242)),(((((t690,(t2171,t2692)),((t1443,(t3088,(t5805,t6130))),(t2426,(t3529,t3910)))),((((t2199,t4488),t3416),((t2805,(t4800,(t5408,t6086))),(t3129,(t4172,t5727)))),(((t2934,t4315),(t3548,(t3709,t4935))),t2242))),((t2247,t5885),t2952)),(t1113,t4175)))),t556),(t517,t4972)),((t429,(t5140,(t5404,t5630))),(t2809,t4588))),((((((((t470,(t4722,t4842)),t3271),((t1446,t3048),t2195)),t806),(((t585,((t1914,t3118),((t2167,t5565),((t4498,t5488),t5327)))),((t1823,t5839),t5730)),t957)),(t504,t4639)),((t1336,(((t357,t4809),t4458),t3891)),(((((((t2015,(t5728,t6002)),(t2610,(t3417,t5441))),(t2382,((t3550,(t6028,t6215)),t5571))),(t2316,t4459)),t3534),(t1707,t5071)),((t1882,((t3026,(t3687,t6097)),t3313)),((t2726,t3150),(t3190,(t4622,(t4679,t5887)))))))),(t468,t2333))),((((((((t256,t3740),t2835),t2556),((t1638,t5079),((t4936,t5799),t5778))),(((t1149,t3408),((t3028,t5226),t3715)),(t1752,t1980))),((t353,t3153),((t1567,(t3018,t3053)),(t1763,t1967)))),(((t579,((t2700,t5774),t4180)),(t2198,(t3285,t6036))),(((t801,t4563),t3884),(t2942,(t4891,t5319))))),(t209,(((t481,(t1067,((t1408,(t2299,t4274)),(t2928,t5147)))),((t1462,t5236),t2402)),((t703,t2974),((t2813,t4093),(t3413,t4149))))))),(((t203,(t4658,t5745)),((((t581,t5957),t3627),(((t968,t6137),t2542),(t1461,(t1662,t2856)))),(((((t816,t4428),t3654),(t2679,t4443)),(t2604,t3612)),(((t870,((t3848,t6069),t5898)),(t2946,t3663)),t2209)))),(((((t325,t5979),((t2691,t4556),t3581)),t1936),((t1898,(t2685,t3480)),(((t1835,(t3528,t4731)),t3233),(t2009,t4783)))),t1768))),((((((((t458,t4105),t3062),t2062),t2057),t2050),((((t882,t5918),t5164),((t2480,t3583),((t2725,t5396),((t2913,t6041),t4837)))),t1308)),(((t493,((((t4524,t4529),t2203),t1635),t2071)),t1801),((((t1080,t6176),(((t2105,t5988),(t4888,((t5002,t5831),t5418))),t4143)),((t1390,(((t2643,(t5711,t6187)),t3890),t2712)),t2295)),(((t2390,(t4153,(t4401,t4625))),(t3110,((t3200,t5666),t5252))),t997)))),(((((t1966,t6116),t4859),((t2301,t5585),t2800)),((t1672,t2774),(t1194,t3857))),(((((t1251,((t2224,((t4654,t6155),(t4698,t5137))),((t3183,(t5290,t5729)),t3611))),(t1547,t1778)),((t2145,t5782),t5463)),((t622,t5316),t2514)),(((((t856,t4590),((t2536,t3957),((t3767,t5205),((t4638,t6033),t6017)))),t1961),((t1249,(t4899,t5749)),(t2354,t5548))),(t1090,t5723))))))),(t890,(t3614,t4793))),(((((((t1449,t1682),(t1081,(((t1237,t6200),t5900),t4548))),((t1041,t5824),t5746)),((t513,((((t1686,t4814),(t4577,(t4778,t5102))),((t2405,(t5310,t5492)),t1946)),((t1157,t4996),t4829))),(((t1507,t4038),t1999),(t1229,t6060)))),((t920,(t4343,t4376)),(((t1724,t6079),(t2921,t5216)),t4051))),((t268,(t2306,t3601)),(t1770,t3718))),(((((((((t752,t6194),(t2587,t5664)),(((t1992,t5584),t4069),(t3479,t4252))),t3038),(t1040,t5143)),(((t808,t3932),t1143),((((t933,t5946),t5199),t2505),(((t1552,t3511),t3346),(((t2629,(t4749,t5592)),t4643),((t4852,((t4870,t5925),(t4874,t5011))),(t3644,t3931))))))),((t1866,(t4036,(t5464,(t5619,t6127)))),((t3834,(t5106,t5810)),t4106))),((((t113,((t2491,t5626),t3232)),t2489),(t1481,t5770)),t1836)),((((t2909,t5269),t5139),t3249),((t1412,t4522),t2876))))),((((t77,t6151),t409),(((((((t1268,t4844),t2904),(((t1596,t4836),((t2500,(t5876,t5882)),t5596)),(((t1965,t5649),t4240),t4007))),(((t219,t4202),((t1848,(t5082,t6149)),((((t1879,t5987),(t3696,t4204)),((t3050,(t3659,t4230)),t3139)),(t2626,(((t3176,t5254),t4130),t3198))))),(t1492,t4699))),((((t1042,t4851),(t2429,t3980)),(t2312,t6180)),(((t1079,t3788),(t2701,t5969)),t1581))),t2039),t636)),((((((((t3137,(t5660,t5779)),t3428),(((t1889,t2937),(t2951,t5641)),t2232)),((((t681,t4442),(t3308,t3717)),((((t1145,t3010),(t2834,t5640)),((((t2121,t5829),t4998),t4365),t3381)),((t1426,t2400),(t1977,(t5620,t5997))))),(t709,t2616))),((((((t1816,t4913),(t1867,t2188)),(t365,(t1902,t3103))),((((((((t1887,(t4777,t4848)),(t4437,t5921)),(t3826,t5402)),(t3096,t4635)),t1046),((t1514,t5607),t3988)),(((t1062,t4932),(t2581,t4254)),(t2260,t3087))),t4358)),t720),(t1709,t5366))),(((((t405,t5241),(t2655,(t4035,t6048))),((t1272,t3162),t2687)),(((t826,(t4967,t5629)),((t1178,t3084),t1755)),(t918,t5470))),((t508,t4329),(t1734,t3842)))),(t2884,t254)),(t43,t4737)))),(((((((((t131,t5954),t5534),t3821),(t4167,t4984)),(t3372,t5806)),t3345),(((t3388,(t4049,t4402)),(t4042,t5332)),t4435)),(((t683,t3753),(t2502,(t2959,t4549))),t1466)),(((t522,((t1075,(t5744,t5894)),(t1357,(t4789,((t5292,t6085),t6065))))),((t541,(t2907,t4902)),(t2497,t5334))),((t952,(t2373,t1312)),((t1653,(t3642,t5479)),t1313))))),((((((((((t192,t5881),((t2843,t6105),t5601)),t2177),((t1897,(t3405,t3778)),(((t2222,t5867),t4828),t4383))),(((((((t3054,t893),(t2296,((t3475,t3780),t3523))),(t2101,t4779)),(t1825,t6071)),t4642),((t1222,t5279),(((t1372,t3724),(t3682,(t4041,t6159))),t3037))),((t943,t4321),t2379))),(((((t2236,t5329),t3619),t3337),t2406),((((t459,(t3963,t4609)),((t2538,(t4613,t5480)),((((t3574,t5950),t5901),t5428),t4187))),(t616,(((t1500,t4159),(t3965,t4528)),t1951))),((t587,((((t1224,t5762),t5459),t4620),((t4582,t5431),t4596))),(t632,(((t4150,(t5029,t5192)),(t3729,t4806)),((t3056,t5872),(t5754,t6205)))))))),((((t166,(t1009,(t3635,t5382))),((t922,(t3117,((t1657,t5953),t5119))),(((t1115,t5469),(((t2018,t4197),((t3307,t5381),t4506)),(t2233,t3108))),(t2906,t2919)))),(((t408,t5437),t3122),t1971)),((((t1214,t6077),(t3651,t3865)),t3481),((((t1102,t5996),t5267),(t2475,(((t2547,t5968),t3514),t2983))),((((t1170,t4600),t2911),t2896),(t1375,(t4742,t4906))))))),(((t85,(t3600,t4221)),(t1590,t5321)),((((t778,t4151),t3343),(t2144,t5230)),((t1680,t2228),(t2099,((t3546,((t4088,t5435),t4515)),t3858)))))),((t687,((((t2004,t5552),((((t2154,t4589),t3391),(t2941,t5698)),t2355)),((t2088,t4476),((((t2954,(t4499,t4993)),t3430),t2185),((t2501,t6050),(t5471,t6236))))),((t2628,(t4667,t5648)),(t4176,t5633)))),(t529,(t3383,(t3945,t5613))))),(t2564,t5483)))),(((((((((((((((t837,t5330),(t2204,t3572)),t4748),t1363),((t939,t6099),((t2697,(((t4142,t6232),t5716),t4473)),t2914))),((t169,(t1130,t2613)),t3112)),((t828,((t1960,t3298),((t3252,t5942),t5466))),((t962,(t4725,t6183)),(t4423,t4761)))),((((t243,t3333),(((((t1195,t6005),((t1789,t6052),t2410)),((t1715,t4156),(((t3327,(t4046,t5734)),(t3815,t5277)),(t3597,t4764)))),(t793,t5814)),(((t1029,t5792),(t5225,t5305)),((t2593,(t3211,(t5113,t5537))),(((t2636,t5687),t5536),t2696))))),(t625,t4950)),t174)),(((((t776,((t2823,(t1511,t4617)),((t2212,(t3773,(t4843,t5022))),t2388))),((((t807,t5960),t5494),(t2767,(t4971,t5080))),(((t1435,t5506),((t4409,t5542),t5525)),((((t1845,t3900),t3044),(t2047,t5339)),((t3743,(t4831,(t5496,t5755))),t1814))))),(t284,t5030)),((((((((t566,t5200),t5181),t4672),t3589),t3562),((t695,t4474),(t3073,((t4346,t5994),t4717)))),t657),t1016)),((((((t1239,((t3365,(t4782,t6031)),(t3762,t4469))),t2351),t1366),t311),(((t975,((t3892,t5768),t5131)),t3771),((t2053,t4089),t3557))),(((t1611,(t2583,t3221)),t736),((((t1750,t2979),(t2971,t3840)),(t2190,t5424)),t1487))))),(((((((((t2326,t4414),(((t1117,t6140),(t2710,t3196)),((((((t1958,t5993),t5021),t4595),(t4496,t4824)),(t4724,t5238)),(t2617,t5132)))),(((((t2028,(t923,t2455)),(t1574,t1798)),(t1331,(((t2756,t5399),((((t3266,t5087),(t4797,t5511)),(t4666,(t5804,t6034))),t4432)),((t3742,t5896),t3846)))),(t1146,(t3916,t5879))),(((t1627,t4992),t3284),((t927,(t4662,(t5347,t5568))),t4584)))),(t346,t5278)),((((((t1192,(t3736,t2408)),(t1899,t4924)),(((t1381,t4368),t2451),(t2520,(t2891,t5515)))),(t277,((t2659,t4377),t2717))),(((((t1982,((((t2850,t4568),t4123),(t3956,(t4045,t4236))),(t3418,((t5130,t5908),t5162)))),(t3952,((t5713,t6123),t5992))),(((t1486,t2537),((((t2240,t5875),t4363),(t3385,t5328)),t2738)),t1924)),(t1316,t2657)),((t1038,t4006),t2289))),((t701,t2867),(t2886,(t3143,t5809))))),((((t106,(((t3263,t5297),t3289),(t1142,((t4934,(t5798,t6227)),t5263)))),((t2158,(t3353,t3643)),(((((t2398,t4271),(((t2576,(t5116,t5174)),(t4243,t5569)),t3606)),(t996,((t3856,t6136),(t4351,t5769)))),(t1349,t5170)),(t1120,(((t1535,((t1782,t5222),t5122)),(t1141,(t2673,(t2759,((t5144,t5657),t5325))))),((((t1415,t5535),t5361),t3711),t1300)))))),(t501,(((t527,t5702),t2860),(((t606,(t3630,t5097)),(t1694,(t1741,(((t2580,t5559),t4709),(t3099,((t3873,t5547),t4043)))))),(((t971,t5721),(((t1847,t5169),(t3156,t6024)),((t2027,t4955),t3906))),((t1625,t5107),t3161)))))),t448)),((((((t1153,(t4646,t5416)),t184),((((t2172,t4229),(((t2305,(t3645,(t5491,t5517))),t3518),t1608)),(t1124,(t1322,(((t3369,t5246),t4418),t3580)))),(((t797,t4059),(t1172,(t2729,(t4478,t5326)))),(((t913,((t2058,t4403),t4001)),((t1534,t5387),((t1885,t5541),t4103))),((t2631,t6023),t2193))))),(((((t500,((((t1859,t5061),t2494),t2020),((((t1884,t6209),t3946),t5527),t3336))),((t1058,(t3517,(t3864,t6216))),t2689)),(((t982,((t1964,t6119),t3822)),(t1374,((t4484,t6025),t5209))),(t1204,(t2864,(t5015,t5095))))),(t771,t4112)),((((t902,t5038),t3699),((t2334,t3116),((t2902,t4224),((t5009,(t5112,t5178)),t4510)))),((t1276,(t1513,((((t1865,t5970),t4863),t2933),(t2681,t4760)))),((t1456,t5141),(t1739,t4652)))))),(((t2192,t3926),((t3794,t4063),(t3967,t5045))),t4820)),(((((t530,t5891),((t2770,t4566),(t4283,t5504))),t1242),((t1096,(t3350,t3422)),(t1165,(t1555,(t2515,(t4523,t5001)))))),((t1008,(((t4434,t2468),t1338),t1439)),t809)))),((((((((t369,t3510),t3323),t1068),(t589,(t729,((t855,(t3636,t4895)),t3445)))),t141),((((((t739,t5384),t4111),(t3041,t5532)),t2404),((t1928,(t5120,t5456)),((t4122,t6063),t5270))),((((t1509,t2320),(t1799,t5094)),((t2279,(t5661,t5675)),((t3749,(t5985,t6207)),(t5587,t5654)))),t1365))),(((t150,t1613),(((t553,t3045),(((t974,t2317),(((t1784,t4862),t4606),t3936)),((((t1792,(t5039,t6182)),t4864),(t3376,t4294)),t2439))),(t578,t3672))),(((t696,t5859),t1210),((t1832,t3043),(t2107,t5930))))),(((((((t743,t5444),(t3364,t6090)),(t1432,t4141)),((t1070,((t2146,t6111),(t4166,t4543))),((t607,t5509),((t1584,(t4429,t6133)),(((t2972,t6015),t5123),t4612))))),(((t367,(t2503,t4592)),((t1757,(t4663,t6003)),t4479)),((t436,(t2789,t3022)),(((t603,((t3487,t5688),(t3804,t4746))),t2353),t1903)))),t272),(((t1206,t4170),((t3227,(t4416,t5449)),t3464)),t445)))),(((((t473,(t1753,(((t3673,t4790),t4607),(t3803,t4134)))),(t1433,(t4930,t5163))),t782),(((((t3101,t4138),t4004),(((t2615,((t4882,t5394),t4991)),t3440),t1263)),t2737),((t3158,t3202),t2134))),((((t257,t4183),(((((((t908,t5819),(t2456,(t4975,(t5167,t5788)))),(t2424,t5976)),((((t1790,t5773),t5655),t5301),t2313)),t1736),t486),(((t905,t5751),t5474),(t1107,t1378)))),((t160,t5566),((t451,t5244),(t1726,(t4715,t6198))))),(((t475,(t1766,t4801)),(((t711,(t5826,t6100)),((t1515,t3047),t2862)),((t1082,(t2526,(t3212,t4037))),(t2453,((t2931,t4631),(t3186,t3595)))))),(t246,((t1594,t5767),(t4736,t5739)))))))),(((((((((t1391,(t3399,t4364)),(t1771,(t2955,t2026))),((t1748,t5245),((t4293,t4665),t4375))),(((t455,(((t2270,(t3098,t6081)),(t2649,t4492)),(t2601,t3603))),(t3555,(t4209,(t4273,t4342)))),((t1857,((t833,t4440),t4245)),(t1637,(t1710,((t2016,t5383),t5349)))))),((t399,(t4369,t6231)),((t1156,(t767,t5388)),t510))),((((t1047,t3396),t3560),((((t830,t4910),t2347),t1838),(t1464,(t1970,((t3759,t4222),((t4188,t5600),t5073)))))),(t394,(((t1760,t5801),t4295),t2962)))),((((t93,t5847),(t3239,t4958)),((((((t1198,(t2763,t3040)),((t1353,t4071),((t2795,t4260),((t2968,t3983),(t3888,(t4833,t5024)))))),((t584,(t3921,t5965)),t2441)),t3324),((((t756,t3866),t3621),(t2755,t5516)),(t1064,t5855))),((((t650,(t3374,t4841)),((t2569,t6091),t3917)),(t977,((t4016,t5786),t5714))),(t838,(t2304,(t3681,(t4075,t4126))))))),((((t1402,(t3194,t4591)),t1725),t1348),t2929))),((((t129,t5832),t2359),((t674,(t2148,((t3279,t5951),t3290))),(t1154,t2833))),(((((((((t198,(t4399,(t4684,t5149))),((t4023,(t6018,t6172)),t4872)),(t3941,t6226)),((t2377,(t2881,(t4097,t5726))),t2112)),t1417),(((t1254,(t2460,(t2807,(t2925,(t3587,t3944))))),(t1440,t2217)),(((((t640,t5704),(t3887,t6196)),(t3119,t6228)),(t2416,(t3419,t5577))),((((t1368,t6142),(t3403,t4655)),(t3253,t6224)),(((t1453,t5821),(t4583,(t4774,t5406))),t4581))))),(((t626,((t5296,t5570),t5393)),t5146),((t4480,t5822),t4905))),((t400,t6007),((((t1089,t5802),((t2764,t5375),((t3575,t4115),(t3999,(t4849,t6001))))),((((t1472,(t5175,t6169)),(t5156,(t6058,(t6210,t6213)))),t3735),(t3354,t4703))),(t1569,t5995)))),((((t1774,t5681),(t2753,t4350)),(t868,t3507)),((t1546,t4344),(t3795,t6219)))))),(((((t248,(t4119,t5237)),((t1467,(t2758,t4393)),((t1808,t6197),t4808))),((t469,((t2161,t5652),(t5000,(t5737,t5884)))),(t1307,(t3215,t5133)))),((t4255,(t4919,(t5873,t5933))),((t2595,t3359),t1278))),(((((t155,t5214),t2784),(((t453,t2638),t1475),(t528,(t1274,t4444)))),((((t269,(t3444,t4446)),t959),(((t3283,t3876),t1370),t2046)),(t758,t2723))),((t128,(t1287,((t2470,t3344),((t2682,t5365),(t3777,t5356))))),(((t1932,(t2831,(t2958,(t4453,t4512)))),(t580,(t3320,t3441))),((t1216,(((t3625,t3694),t3653),(t3068,t5323))),((((t2002,t5460),(t3588,(t4018,(t4378,t4791)))),(t3277,t3832)),((t2246,(t4400,t5561)),(t3719,(t4219,(t5065,t5231)))))))))))),(((((((t218,t4135),t2003),((t1253,(t4970,t5683)),((((((t2978,t4810),(t3779,(t4575,t4907))),(t2923,(t4257,t5433))),t2967),((t2751,t3874),(t3720,(t4066,t4805)))),((t1863,t5155),(t2449,t2746))))),(t961,(t2821,(t3692,(t3734,t5376))))),(((t2258,t786),((t987,((((t1479,t4598),(t4154,t4834)),t1933),(t1510,t4460))),(t1243,(t2573,t5027)))),((t666,((t2421,(((t2464,t4916),t4325),(t2671,t3017))),(t2605,t3688))),((t1781,t6074),(t3020,t1937))))),((((t3128,t909),(((t2186,t4348),((t3712,t5936),t3912)),(t2288,t2792))),t1428),(t742,((t2568,t5195),t3179)))),((((((t1969,t2773),((t2665,t3732),t3458)),(t1301,t2998)),(t1085,(t5172,t5401))),((((t823,((t3721,t5066),t4540)),(t3177,(t3400,t6223))),t2766),(t1571,(t1827,((t2651,(t4927,t5379)),(t4811,t5320)))))),t5056))),((((((((t171,t4327),t3218),(t1697,(t3126,((t3533,t5955),t5025)))),((t604,((((t2362,t3235),((t2794,t5386),t5042)),(t2743,t4812)),(t3255,t4301))),(((t1279,(((t3540,t5920),t5476),t5439)),((t3380,t4586),t4470)),(t1559,(t2366,t5243))))),(((t848,t4904),(t3490,t4298)),(((t1160,t3882),t3001),(t1183,(t4306,t4875))))),((t329,((t2435,(t5055,t5631)),t4855)),t2874)),((((t168,(t5540,(t5820,t6220))),t3723),(((((t3013,t6061),t3689),(((t1501,(t4002,t4029)),t2918),(t2165,(t2533,(t5800,t5850))))),(((t2423,((t2674,(t5732,t6117)),(t4333,(t4694,t5344)))),((t863,t5834),t2627)),(t930,(t3668,t3966)))),(((((t819,t5013),t4704),t4408),t3414),((t1152,(t2747,(t3448,t5272))),(t2092,(t4078,t4163)))))),((((t386,t2118),(t4207,t4279)),(((t817,t5611),(t3115,(t3427,t5108))),(t3014,(t4940,t5651)))),((t1059,t4231),((t737,t4794),((t2348,t5477),((t3280,t6012),t5797))))))),((((((t1684,t351),((t691,(t2769,t5929)),(t1602,((t2277,t5658),t2483)))),t645),((((t978,t4758),(((t2266,((t4500,t5208),t4513)),(t3958,t4594)),(t2280,t4526))),t1985),t96)),(((t2189,t5622),t186),((((t316,t3982),((t1538,((t4064,t4601),(t4360,t4405))),(t2364,t3852))),t444),(((t425,((((t3145,t5555),(t4012,t5538)),((t770,t5302),t4324)),t2338)),(((t609,((t3311,t6059),(t3568,t5223))),t2709),t670)),((t567,t2096),(t1105,((t3634,t5134),t4226))))))),((((((((t102,t4491),t4062),t2230),t2155),(t1015,((t1289,t5259),(t2625,t5874)))),((t1603,((t2688,(t4555,t5505)),(t2498,(t5557,t5691)))),((t1776,t4766),((t1878,(((t2391,t4214),((t3216,t4661),t3851)),t2768)),((t2078,t4632),t2210))))),((t753,(t2150,(t2330,((t2371,t5447),(t4074,t6135))))),(t1619,(((t1621,(t5100,t5975)),t3928),(t3835,(t4802,t5006)))))),(((t1104,t2588),(((t1205,t5677),t4501),(t3172,t4261))),t1881))))),((((((t24,(t1906,t5486)),(t1700,t4073)),((t685,t5623),(((((t1246,t4705),(t2980,t3450)),t4729),(((t1743,t3850),(t2841,t3009)),(((t2123,t5808),t3075),t5069))),(((t1304,t3142),(((t2000,t5593),t5219),t5157)),(t1359,t6139))))),(t547,((t2025,t5168),t3401))),(((t787,t1954),((t1683,t2711),((t1849,(t5357,t6124)),(t2786,t4527)))),((((((t1716,t6064),t4574),(t4326,t5910)),((t1703,t5400),t3558)),(((t1049,t5489),(t4799,t5007)),t1819)),(t1605,(t3629,((t4338,t5026),((t4670,t5588),t4682))))))),(((((t157,(t336,((t1708,((t3637,t5462),t4316)),(t2868,t496)))),((((t276,t4751),t2632),t1617),(t1503,(t4067,t5436)))),(((((t1356,(t2418,((t3816,t5944),t4678))),(t2284,(t2817,t4894))),((((t1002,t5217),(t3605,((t4355,t5425),(t4944,t5614)))),t2376),t2040)),(((((t583,t4297),(t4110,((t4413,t4712),t4420))),t3845),t3107),((t2963,t4336),(t2987,t3387)))),(((((t3032,t6192),t4471),t4726),t2640),t2590))),(((((t344,t4083),t2481),t1451),((t871,((t1346,t3484),(t2478,((t4464,t5717),t5040)))),((t2994,t5812),t5198))),(((t173,t3599),t2445),(t1148,(((t1931,(t3064,(t5709,t5877))),t2903),t2074))))),(((((t2034,t3265),((t783,t6173),t5972)),t1196),((t220,t3553),(((t999,t3698),(t3214,(((t5706,t5863),t4009),t3930))),t2022))),(((t73,(t5643,t5803)),(t499,(((t993,t2718),((t2529,t3219),(t3012,(t5075,t5750)))),((t2477,t4094),t2977)))),((t749,t3700),(((t1414,(t4784,t6145)),t4422),(t1824,(t1868,(t3783,t1871)))))))))),((((((t60,((t858,t4095),(t1396,t3679))),((((t763,t5904),((t1853,t3036),(((t2103,(t2650,t5220)),(((t2431,t6168),t4462),((t2899,t6070),t2706))),t3331))),(t1231,(t3366,t3787))),((((t1579,(((((t2031,t3897),t3579),((t3352,t5617),(t4309,t5595))),(t3243,t4406)),t2392)),((t1953,t2940),t1987)),t1208),t1228))),((((t1664,t4241),t573),((t1930,(((t1944,t5415),(t3649,(t3657,(t5201,t5288)))),t2733)),t785)),(((((t891,t5890),((t2068,t5446),t2085)),(t2045,t6094)),(t2030,(t3029,(((t3100,t5990),t5014),t4467)))),t799))),(((t557,t3693),(t810,(((t2386,t5724),(t3317,(t4319,t5735))),(t2985,t4846)))),((t781,(((t1582,t5266),t3979),t2842)),(((t1498,((t3312,t4914),t3421)),t2369),(t2285,(t4827,t5507)))))),((t471,t1721),t390)),(t196,(t3147,t3229))))),((((((((((t319,t6199),t1972),((t2111,t5635),(t4818,t5668))),(((t941,(t3443,t5318)),(t2897,t4867)),t4223)),((t1588,(t4644,t5068)),t924)),(((((t907,t5363),(t4931,t5101)),(t1328,(t2329,t3224))),((((t619,t5050),t2656),(((t3812,t5420),t4514),(t4404,t4539))),t5758)),(((t839,(t1780,(t2893,(t5110,t6019)))),(((t1578,(t4468,t4796)),(t4331,t5395)),t2220)),(t660,t6217)))),((((t1976,t5590),(t3309,t5062)),((t2253,t5686),(t3761,(t4483,t4728)))),((((t1873,t5487),(t3992,t5032)),t3532),(t1452,t5182)))),((t52,(t2454,(t2975,t4330))),(((t2029,((t2262,t5309),(t4060,t5663))),(t2234,t3975)),t2084))),(((((t732,(t2257,t4579)),(((t1430,t5656),(t3168,t4939)),((t1669,t3132),(((t1804,(t3530,(t5583,t5934))),((t3173,t5841),t4332)),(t2461,t5938))))),((t1,t3175),t2803)),((t535,t6113),t5766)),(((((((((t1144,((t2427,t3951),t3914)),(t2243,t5340)),((t1351,t4647),(((t2488,(t4755,t4943)),t4372),t3800))),(t1327,(t1702,t5049))),(t1182,((t3157,(t4756,t5837)),t3180))),(t534,(t3524,t5249))),(((t988,(((t1394,t5781),t5129),(t3318,(t4876,t6222)))),t1317),((t1332,t4757),t3739))),(((t1201,t4689),(t1646,(t4090,t4832))),(t1577,t3296))),(t330,t5883)))),((t167,(((((t576,t4610),(t3105,(t3827,(t3841,t4137)))),t2849),(t1026,t2256)),((t881,t6068),t5077))),(((t4657,((t2385,t5998),t4912)),(((t3839,t6057),t6016),(t4711,t5764))),t3613))));
data/birth_death/5000/model_trees/bd.9.model_tree	data/birth_death/5000/dcm_source_trees/100/bd.9.source_trees	4.526634216308594	4.07	0	0	1.0	0	0	1.0	(((((((((((((((((((((t1670,t5729),t5460),t4564),t1249),t1337),((((t1983,t5897),t5189),t5124),((t2123,(t3469,(t5280,t5335))),t3222))),(t1126,t3923)),((((t1949,(t2752,(t3001,t4459))),(t2592,((t3256,t6115),t5052))),t2092),t4886)),(((((t1168,((t2703,(t4022,t5057)),t3253)),t2682),(t2340,(t2876,t4364))),t739),(((((t894,t5589),t3241),((((t2778,t5347),t4813),(t4609,(t4685,t5707))),t3896)),((t2538,t4483),(t3335,(t3738,t6183)))),t1735))),(((t575,((t2156,t4310),((t2457,t4768),((((t2858,t6064),t4264),(t3772,t5806)),t2982)))),t2305),(((t959,t5232),(t2387,t5301)),(((t1089,(t3496,t5743)),t2052),(((t2282,t4222),(t3954,(t5238,t5312))),t1517))))),t227),t4043),((((t115,t3528),t1636),((t985,t3797),(((t2269,(t3773,(t4057,t5173))),t2979),(t2830,t3184)))),(t469,t4206))),((((((t4403,t1082),t2105),((t927,(t3131,((t4342,t5677),t4643))),(t1376,t5416))),((t1385,(t4605,t5584)),t3272)),(t135,t4313)),((((t733,((t1941,t4875),(t3894,t4646))),((t1257,t5687),(t2197,t5532))),((((t88,(((t4900,t6265),t6132),t5410)),t3383),t3286),(t2792,(t2880,t2971)))),(((((((t1778,t5796),t2433),((t2039,t5811),((((t3786,t5250),t4808),t4583),t3947))),(((t1869,t5496),t5159),t3242)),((t1205,(t4424,t6119)),(t4418,t4675))),(t465,(t1176,((t2815,t5302),t4898)))),((((((t1465,t4676),t1066),t521),(t2245,(((t1875,t5873),(t2129,(((t2310,t5703),t5654),t4795))),t1811))),(((t1020,t3474),(t2863,t5310)),((t1390,t3081),((t1835,(t3495,t5588)),(t2348,t5522))))),((t765,(t3417,t4447)),(t1580,(t2602,t6022)))))))),(((((((((t2449,t2476),(t353,t2878)),t2510),((t1512,t5440),((t1773,t5507),(t4129,(t4616,t4794))))),(t1177,t1286)),((((t2034,t570),(((((t935,t6026),t3322),t1399),((((t1159,t5874),t2038),(((((t1776,t4248),t3476),(t2556,t3677)),(((t1868,(t6095,t6202)),(t4061,t5650)),(t2562,(t3020,t3729)))),(t1836,((t1879,(t3848,t4970)),t3385)))),(((t1278,t4803),(((t2219,t3328),(t2801,t3230)),(t3462,t5205))),((t1749,(t3780,t4601)),t2832)))),((((t1034,t3265),((t2296,t3974),t3262)),(t1668,t5445)),t1290))),((((t547,t5755),(t5322,t5503)),(t3645,t4812)),(t873,((((((t1161,t4058),(t3208,t4750)),((t2804,t3616),t3167)),t2386),(((t2277,t5100),t3411),(t2585,t5070))),((t1858,t4113),t3374))))),((((t501,t3854),((((t3099,t701),(t3244,t6062)),(t2342,(t2676,t4088))),t747)),((t572,(t1502,t5884)),(((((((t2708,t4680),t4436),t3456),t3069),(t1790,t3746)),(t1680,(t5224,(t6045,t6252)))),(((t3788,t6281),t4503),t4005)))),(t548,t4456)))),(t4718,t342)),(((t100,t5098),(t4163,t5446)),((t240,(t5498,t5534)),t5186))),((((((t3380,(((t3452,t5774),(t5308,t6256)),t3842)),t1186),((t1395,(((t2966,t5022),t4104),(t3535,(t5364,t5756)))),(t1521,t3079))),((((t729,(t5617,t5953)),t2623),((((t2402,t5121),t4298),t4230),(t2653,t4671))),(((t1814,t5054),(t2362,t4100)),t4274))),((((t1927,t5194),(t3045,t4989)),(t2149,t4237)),(((t2785,t4704),t4290),((t3191,t3801),t3711)))),(t1562,((t4386,(t5669,t6036)),t5527))))),(((t47,t5834),t3705),(((t311,t5854),((((t2143,t5234),t4824),t4046),(t3658,t4955))),((t1119,(t3393,t5009)),(t2242,(t4315,t5242)))))),(((((((t162,(t4376,(t5321,t5565))),t4182),((t636,t3178),((t2076,(t2100,t5326)),(t2194,((t3070,(t4397,t5170)),t4311))))),(((((t260,(t2663,t5434)),((((t1854,t4602),t4472),(((t2430,t4560),t3901),t3482)),t1918)),(((t1090,t5593),(t3735,t4562)),(t2125,t3143))),((t699,(t3477,t4142)),t2636)),((t780,((t343,t6081),(t1777,t4604))),(((t2011,((t1506,t4453),t3921)),((((t2570,t5699),(t4630,t4896)),(t4406,t4829)),((t2813,t6033),(((t2941,t5555),t4789),t3727)))),t799)))),(((((t816,(t1526,((t1640,t2646),t1821))),(t2512,t4353)),(((t787,(t4934,t5357)),(((((t2473,(t3969,((t4825,t5318),t5227))),t3789),t2896),(((t1955,t5823),(((t1974,t5002),(t3566,t5395)),t2687)),(t1966,t5983))),t2884)),(t801,t3340))),(((t1656,(t6084,t6271)),((t3218,(t4980,t6244)),t4992)),((t3082,(t4068,(t5016,t5543))),(t3303,t4670)))),(((((((((t376,t2493),(t2437,(t3038,t4127))),t1629),((((((t966,(t4187,t4862)),(t3089,t5649)),((t2003,t5497),(t4623,(t5077,t5618)))),((t1688,(t4613,t5058)),(((t1905,((t4004,t6230),(t5762,t5904))),t3268),(t2692,t3728)))),(t1299,((((t1874,(((t3715,t6274),(t5938,t6046)),t5674)),t2253),(t2319,t3308)),(t1913,t1958)))),((((t1178,t5233),((t4331,t5223),t4396)),((t2192,(t4333,t6030)),t4221)),((((t3434,t6276),t4805),(t2656,t6159)),(((t1542,t4629),t4374),(t2001,t4897)))))),(t956,(t5288,t6120))),t968),((((t1420,t4365),((((t1525,t4276),t2605),(t2480,t3992)),t1825)),t313),(((((((t1409,t3293),((((t3102,t5994),t5034),t4389),(t3883,t6185))),(t2452,(t4211,(t4566,t6098)))),t2226),((t2198,t4429),(t3118,t5483))),(t2094,t3680)),t1729))),((t161,(t2541,(t3747,t5509))),(t995,(t1675,t2968)))),((((t2136,((t489,(t4401,t6201)),t2760)),t2879),t836),(((t216,t5899),(((((t1067,t6091),t5970),(t2672,(t3968,(t4777,t5833)))),t1741),(t1458,t1291))),(t951,t2584)))))),((t305,t5749),((((((t2823,((((t3295,(t5051,t5989)),t4542),t4467),(t3576,t3686))),t3540),(t2183,t3951)),t202),(t1024,(((t3247,((t4881,t5803),t5667)),(t4783,t5284)),t3669))),((t228,(t4428,t4550)),((((t232,t5382),t4903),(t643,((t1701,t6037),(((t2599,t4858),(t4360,(t5065,t5813))),t2371)))),t386))))),(((((((t173,(t4649,t5779)),t1819),(((t1046,t5800),t1292),((t2466,(t4933,t6107)),(t3970,t4823)))),((t674,(t2055,t5816)),(t1782,t5261))),(((((t4506,t6010),t5354),(t266,t6006)),t3702),(((t769,t3216),((t3219,t5799),t4093)),((t1181,(t4092,(t5432,t5767))),(t2516,(t3627,t5216)))))),(((t1963,t2029),(t932,(((((t1446,(t4528,t4655)),((t3838,t5158),t4212)),(t2927,t4280)),(t2281,t6161)),t1992))),t817)),t529))),((((((((((((t1630,((t3412,t5447),(t3903,t5900))),(((t3005,t5485),t5407),((t4067,(t5317,t6212)),t5298))),(t2454,(t3915,(t5787,t5956)))),((t2233,((((t3413,t6240),t6047),t4518),t3441)),((t3109,t5975),t5728))),((t1033,(t2494,t4018)),((t2485,t4620),t3833))),(((t752,(((t2151,t6020),(t3687,t4495)),t3489)),((t2096,t4153),(t3682,t4830))),(t1106,(t4343,((t4537,t5965),t4868))))),((t952,t5692),(((t2833,t5582),t4551),t3043))),(((((((((t776,(t4610,(t4716,t4901))),(t4268,t4928)),((t1032,t5128),t3699)),(((t793,t4509),(t4344,t5408)),t2811)),t1766),((((t196,t5202),((t1370,(t5549,t6085)),(((t1952,t2951),(t1496,t3777)),(t1922,((t2540,t4921),t3742))))),((t979,t2765),(((t1115,((t3664,(t3938,t6157)),(t3912,t5323))),t2779),(((t2280,(((t3269,t5076),t4245),((t4150,t4904),t4681))),t2732),(t2669,t4871))))),((t1300,(t2610,(((t3147,t5042),t4627),(t3444,t5116)))),((t668,(t4291,t5358)),((t1449,t2840),t1567))))),(((t60,t5655),t4190),(t1824,((t4137,t4533),((t3950,t5809),t5171))))),((t170,t6162),t2030)),(((((t760,(t2995,t4491)),t244),t750),t496),t4920))),((((((((t3046,t4603),t3851),t626),t2021),t1393),((t964,(t4966,t5226)),(t1997,((t3722,t5356),t3843)))),((((t1019,t4273),t2131),(t1467,((t3955,t5967),t4939))),(t1426,((t2622,t5659),(t1752,t5490))))),((((t159,(t4263,(t4303,t6071))),t3510),t2836),t751))),(((((((((((((t474,t5609),t5518),t4169),(t2176,t4976)),t1060),((((t725,(t4454,t5120)),t1624),t1595),(((((t1110,t6060),t3902),(t3811,t5623)),((t2421,(t4532,t5653)),(t2844,t4077))),(((((t1797,(t5075,(t5111,(t5257,t5684)))),t2891),t2373),t2189),t2164)))),(((t460,(t3733,(t5400,t6263))),t1999),(((t1945,t4134),t4591),t1644))),(((((t307,t3877),t3782),t2059),t1539),((t438,t3756),t3609))),(((((t296,t4266),t2163),t2072),(t1002,(t4692,t5713))),(((t418,(t1396,(((t3394,t4696),t4172),(t3407,t4802)))),((t1342,(t3166,(t5067,t6124))),t3098)),((t758,t5689),(t2056,((t3589,t6005),t4666)))))),((t80,(t2843,t3074)),t2743)),((((((((t3355,t5658),t3873),t3771),(t942,(t3653,t6104))),(((((((t510,t5998),t5921),t5538),t4297),((((t3251,t6278),t4106),((t3759,(t3818,t5419)),((t3931,((t4096,t5672),t4320)),t5889))),t3296)),(t3040,t3545)),(t2299,(t3651,t5771)))),((((((t451,t4347),((((t2054,(t4682,t5297)),t3655),t3278),t2444)),(((t960,t3297),t2729),(t3198,t4637))),((t802,t2859),(t1288,t5337))),(((((t1111,(t4325,t5213)),(t4189,t4687)),t4081),t1605),(t3288,t4279))),(((t226,t4099),(((t2395,t6127),t5024),((t4731,t5183),((t4751,t6065),(t5860,t5973))))),((t2268,t5089),t2784)))),((((t3749,t481),(t1602,t3563)),t1170),(((((((t359,t4722),(t2082,t5977)),t1601),(((t1386,(t4798,t5066)),t2470),(t1523,t5709))),((((t1356,(((((t3037,t6134),t5629),t5209),(t4747,t6195)),(t3425,t5969))),((t2051,t2911),t2475)),t1793),(t3427,t4585))),(((t2428,t4626),(t689,(t5035,t5775))),(t1890,t2730))),((t381,(t5017,t5777)),((((t627,(t4631,t5579)),(t3007,t5442)),(t1023,t1185)),((((((t1911,t5604),t4232),t3294),((t3151,t5987),t5198)),t2907),t1914)))))),(((t81,(t1154,t5773)),((t282,(t1570,t3930)),(((((t767,(((t3331,t5790),(t5556,t6203)),(t5079,(t5191,t5855)))),(t3285,t6017)),(t947,t1430)),(t1693,t4738)),((t677,(((t1272,(t3731,(t4358,t5488))),(t1783,t2210)),((t1379,(t4120,t5529)),((t1884,((t2066,t6121),(t3516,t4576))),(t1893,t4804))))),((t1544,((t2523,t4842),(t2064,(t3405,t5180)))),t1710))))),((((t387,t5248),t1618),((t1398,((t2635,(t2614,t6028)),(t2068,t4197))),((t1805,t4479),(t2497,t3410)))),(((t191,t6117),t2122),((((((t1289,t5349),t5025),t3548),(t3472,(t5399,t6243))),(((t1894,(t4517,t5272)),(t2604,t5924)),t2550)),(t1839,t5772))))))),(((((t274,t5178),(t335,t5218)),(t796,t3156)),((t349,(t1518,t6078)),((t586,(t3291,t3866)),((t2443,t4827),((t3785,t5388),(((t5172,t6193),t5828),t5404)))))),(((t581,(((t2356,t5528),(t3981,t5136)),t2591)),(((t1515,t5620),t4717),((t3814,t4950),t3934))),((((((t1009,(t4548,t5558)),(t3159,(t3701,t4942))),(t2866,t5686)),((t2261,(t5752,t6105)),t5387)),((t1938,(t3261,t4157)),t2323)),(((t821,t5744),(t2647,t4684)),t2275))))),(((((t24,t3527),(t3107,t4947)),(((t171,(t5760,t5788)),(t3019,t6148)),(t2997,t3056))),((t108,((t2936,t5361),t3884)),((((((((t3624,(t5134,t6238)),(t4580,t5719)),((t3306,t5676),(t5517,t6040))),((t2793,t5954),t4981)),((t2739,t4695),t3539)),t587),(t2292,(t3116,t5520))),(t1471,t4185)))),((((((t172,(t4555,(t4712,t6099))),((t1350,t5652),((t2294,t4484),t2413))),(t885,(((t977,t4404),((t4159,t6090),t4410)),t2366))),((((t826,(t4527,(t5591,t6012))),(t1536,t3277)),((t2291,t3163),t4925)),(t2712,t5414))),t485),((((((t1981,(((t3311,t5867),t5081),t3599)),(t1003,t4910)),t755),(((((t2565,t5097),t3721),t2711),((t2415,t5268),(t3399,t5732))),t2032)),(((t304,t3201),t2471),(((t4945,(t4982,t5697)),(t4097,t6151)),(t1700,(t3439,(t3767,(t4575,t4774))))))),(((((t1220,t5837),t5741),((t2487,(t5601,t6228)),t5334)),t1371),((((t1692,t4399),(t2140,t4345)),(t1384,t3755)),((t445,t5243),(t2364,t5849))))))))),(((((((t284,(t2548,t5494)),(((t1504,t4552),(t3190,t4723)),((t2234,t4499),t2020))),((((t1702,t4736),t2509),((((t1252,t4662),t2753),(((t2881,t5095),t5021),t3978)),(t1635,t4869))),t1018)),(((((t152,t3317),(t2714,t4547)),(((((((t2520,t3839),(t4063,t4569)),(t2453,t4752)),(t2237,t3433)),(((t1689,t4840),t2515),t2492)),t812),(t2834,t4983))),((((t992,t5639),(((t2409,t3792),t3440),(t2890,t5939))),(((t2358,(t4047,t5651)),t193),((t1235,t2763),(((t2290,t6024),t5126),(t3906,t5398))))),(((t868,t5695),((t1476,(((t1556,t4385),(t4216,(t4779,t4978))),((t5078,t1804),((t2172,(t3016,t5675)),(t2311,t3623))))),t1608)),((((t2571,(t2818,(t4239,t4281))),(((t2103,(t3898,t5986)),t3852),((t2874,t4713),t3390))),(((t1690,t2860),((t2553,t4474),t3553)),(t2508,(t5290,t5822)))),(((t931,((t5258,t5801),(t5458,t6236))),t4740),((t3861,t5948),t5925)))))),((((t892,(t2782,t6008)),((t131,(t3514,t4826)),((t2465,(t4719,t5300)),((t2697,t4809),(t3481,t3826))))),t1713),(((t396,t4614),t4029),(t1037,t4668))))),(t682,((t2099,t5230),(t2751,((t3492,t5413),t3665))))),(((((((t634,t5761),t3628),t2825),t2084),t882),((((t757,t6273),((t1552,(t2228,t6125)),((t1810,t4209),t2446))),((t1546,(t3392,t3709)),((t2756,t4954),t2857))),(((t1895,(t912,t2490)),((t1221,t2255),(t1550,t6054))),(t1190,t4965)))),((((t1281,t3959),t3436),(t3146,t3473)),t3129))),((((t352,t6191),t3398),((t1361,(((t1942,t6198),t4107),((t1683,t4148),(t2002,((t2244,(t2795,t2850)),((t2499,t5374),(t4215,t5807))))))),(t524,((t3316,(t4118,t5048)),(t3580,t4183))))),(t297,(t4745,t6023))))),(((((((t92,t2950),(((t1830,(t523,t4001)),t616),(t556,((t2574,t3061),t2871)))),((((t731,(t3025,t6233)),((t3072,t4748),(t4597,t5119))),(((t1349,t2256),(((t2533,t4231),((t2666,t5696),t3971)),t3670)),((t229,t4242),(((((t2010,t4164),(t4034,(t5014,t6110))),(t3734,t4496)),(t2384,t3588)),t2128)))),(((t392,(t4136,t5397)),((t2349,(t6039,t6061)),t2617)),((t1568,t4442),((t1924,t3790),t3048))))),(((((((t222,t2888),t1301),((((t1262,t5032),t4780),((t3819,t5602),(t3844,t5615))),t2347)),((t1247,((t3187,t5733),t4720)),(t2169,t3289))),(t1873,((t3021,(t4393,t2670)),((((t2841,t5738),t4055),t3183),t3035)))),((((t1632,(t3210,((t4265,t5028),t4619))),t1148),t2706),t933)),(t257,t4012))),((((((t312,t4244),t1840),((((t1443,(t3551,t4220)),t3284),(((t3053,(t5241,(t5456,t6102))),(t4053,t4557)),((t3542,t5383),(t4672,t5616)))),t2208)),((((t1099,t2704),(((t2441,t5151),t1857),t3585)),t1094),(((((t914,t3279),(t3188,t3442)),((t2120,t5537),t4943)),(((t1511,((t2539,(t5587,t6184)),t2625)),(((((t1838,t4647),t3869),t3203),(((t2363,t6143),t5797),(t4951,t5311))),((t2147,t5192),t4045))),t1696)),t595))),(t44,t3541)),(((((((((t4586,(t5038,t5514)),(t3077,t6153)),(t2611,(t4853,t5102))),((t1380,(t3302,t4112)),(t2943,(t4749,t5619)))),(t1158,(t4469,(t5950,t6073)))),(t1145,t3252)),(t279,t3382)),(((t254,t4030),(t2744,(t3736,t5992))),(((t1413,t6141),(t2934,(t4964,t6222))),t1469))),((t554,((((t955,t5716),t4504),(((t2600,t3493),(t1849,t4308)),t2046)),(t613,(t2015,t5916)))),((((t551,t3158),t3084),((t1223,t4546),t2805)),((((t2618,t5571),t5181),((t4665,(t5246,t5377)),t4679)),((t2633,t5664),((t3362,t4856),((t3402,((t3739,(t4664,t5914)),t3837)),t3598))))))))),((((((((((((t2575,t1923),t984),(t1626,t5968)),t1130),(((((t1078,t5843),t4667),(t4048,t5700)),(t2498,(t2998,(t5080,t5457)))),((t1135,t3613),(t1479,(t3908,t4725))))),((t218,(t2923,t3197)),t2365)),(((((t487,t3567),t5454),(t1015,t3784)),(((((t1728,((t5462,t6237),(t5598,t5832))),(t4514,(t4615,(t4914,t5932)))),t3480),(t1756,((t3590,(t5942,t6231)),(t3714,(t4296,t4497))))),((((t2525,t4174),((t2154,t4138),t2408)),((t1939,t4924),t2773)),(t1073,t3639)))),(t316,t5764))),(((((((t1711,((t2035,t5315),(((t3625,t5805),t5608),t5085))),t1823),(((t2986,t6100),t4382),(t3538,t5396))),t1677),(t1171,(t2770,(t4031,t4953)))),(t1708,(t3300,(t3363,t6259)))),(t2061,t6097))),(((t698,t4523),(t2718,(t3640,t6239))),(t2081,t3584))),((((((t385,t3907),(t2959,t5342)),(t1585,(t4069,t6179))),((t1241,t3657),t2526)),((t827,(t4448,t6055)),(((t1437,t5338),(((t2908,t6069),t2025),(t2101,t2913))),((((((t1906,t5412),t3110),((t2615,t6145),(t4041,t4524))),t2534),t2468),(((t2418,t4223),(t4131,t5471)),t3177))))),(((t2287,t4080),((t3186,t2694),(((t2479,t5421),(((t3430,t4737),t3990),((t3471,t4179),t3781))),(((t3517,t5640),t5013),(t4214,t4650))))),(t1332,t5427)))),t26),(((((((((t1231,(t3559,(t4180,t5256))),t3824),t1317),t930),t506),((((t948,(t4543,t5573)),(t3795,((t3871,t6108),t5857))),((t2848,t5892),t4584)),((t1285,(t5782,t5901)),((t1295,(t5029,t5984)),t3764)))),((t1150,t3092),t4553)),(((((t178,t5976),t4234),((t718,((t1061,(t2080,t5249)),((((t1851,(t3905,t5941)),(t2458,t4020)),((t3120,(t3900,t4346)),t2230)),(t2211,(t2558,t4993))))),(t1133,t1940))),((t542,(t4477,t4703)),(t3685,t6019))),((((((t1325,t5282),(t3062,t5449)),t1878),t869),(((t1996,t4625),t693),t2921)),(((t573,(t2435,((t4027,t6261),t4979))),(t1837,t5920)),((t3386,t1614),t2563))))),(((((t137,t4766),t3522),(t840,t5798)),(((((t1803,(t4761,t4969)),(t4531,t6174)),t1917),(t1687,(t3834,(t4473,(t4563,t5913))))),(((((t1571,(t5150,t6173)),t3144),((t3068,t5107),t3217)),t2852),((t2547,t5757),t3725)))),((((t275,(t4445,(t4800,t6232))),(t3032,t4889)),((((t1421,t6166),(((t3534,t5627),t5018),t3977)),((t2886,(t3483,t4302)),t4015)),t1953)),((t1607,((t2338,t4024),t2624)),((t1672,(t4356,(t5856,t6113))),(t1933,t3991)))))))),(((((((((t62,t2962),t986),((t431,(((t2295,t4677),t3630),t3632)),(((t749,t4257),(((t2955,t5508),t5389),t4847)),(((t1160,t4140),((t2800,t6044),t3130)),t1928)))),(((((((t2227,t6094),(t2648,t3315)),t270),(((t759,(t3501,t5175)),(t4634,t5515)),(t2721,(t4699,t5985)))),t2327),((t2152,(t1097,t6245)),((((t4202,t1203),t4198),((t2649,t3858),t3418)),(((t1406,t5742),t5348),(t2572,t2733))))),(((((t453,t5963),(t4877,t5626)),(t1757,t5734)),(((t1268,((t3387,t3998),t3743)),(t3225,t5554)),((t1724,t5883),((t2324,t3775),t2374)))),(((((t631,t4710),((t3169,t4819),t3512)),(t2411,t5468)),(t2952,t1676)),t860)))),((((t369,((t3348,t4785),t4075)),((((t1122,((t3354,(t4642,((t5188,t6122),t5791))),t3800)),(t3309,t3352)),t2239),((((t1877,(t4986,(t5197,t6052))),(t2898,t4251)),t2431),((t1896,t4683),t3988)))),(((((((t2115,(((t2187,t5680),(t4669,t5886)),(t4146,t4392))),((t2045,(t3832,(t5872,t5895))),((t2313,t3982),t4321))),t602),t2392),(((((t1057,t4116),((t2215,(((t3078,t5559),t4147),t3185)),(t2893,((t2902,t5137),t4191)))),(t2432,(t2077,t5737))),(t1029,(t2488,(t3106,t6214)))),(((((t2321,(t4786,t6177)),(((t2787,t5862),t4916),t2887)),((t888,t5613),(t3465,(t4971,t5961)))),((t1347,t5769),((t3346,(t1588,(t5753,t5988))),((t2477,t6235),t2796)))),(((t1434,(((t4890,(t5731,(t5845,t6076))),t5103),t4923)),(t3076,t4154)),((t1334,t6027),t5228))))),t1833),(t3601,t3872))),((((((t803,(t5596,t5907)),(t4217,(t4489,t6267))),(t1212,(t1971,t1401))),((t824,(((((t1883,t5971),t5718),((t4064,t4998),t4275)),(t2065,t3235)),((t1850,t5890),(t2355,t4960)))),((t1490,(((((t5164,t6280),t6034),t2118),t4513),((t3511,t6150),t6139))),((((t1829,t4071),((t3924,t4186),t3333)),t2293),(t1988,(t4673,t5632)))))),t219),(t719,t4872)))),(((t433,(t3119,(t3810,(t5086,t5585)))),(t1653,t3776)),((t773,(((t4110,t5502),t4339),t4494)),(((t533,t5148),t4286),(t1438,t2853))))),(((t61,(((t3888,t4895),t4644),t4135)),t2643),((t804,t3012),((t1224,t6138),t2460)))),(t22,((t1995,t6163),(t4926,t5214)))),((((t1527,(t4846,t5154)),t128),(((t1140,(t3761,t4332)),t1553),((t1162,t6190),(((t2178,t6000),(t2705,(((t3419,t4946),t4835),(t3464,(t5418,t6249))))),(t1455,t5933))))),((t545,(t3023,t3720)),((t723,t3450),t1583))))))),(((((((((((((((((((t813,(t4056,t5825)),(t2814,t5792)),(t2240,(t3461,t5162))),t2005),(t1077,t3887)),t600),(((((t629,((t5263,t6058),t5908)),t5203),(t5019,t5365)),(t1930,(t5402,t5506))),(t1866,t4690))),((t987,(t5533,t6112)),(t4076,(t6111,t6128)))),(t609,(t3586,(t5313,t6182)))),(((t223,t4305),((t1355,t3341),t1450)),((t1260,t5329),(t3557,t4285)))),((t210,t3681),((((t822,t3537),(t1738,t1876)),((t429,(t3415,t5033)),t1344)),(((t737,t4017),((t1859,(t3927,t5840)),(((t2920,t5135),(t3345,(t4078,t6216))),(t3459,t4760)))),((t1428,t3618),(((t1538,t5979),(((t3003,t5005),t4383),((t3237,t6088),t4033))),(t2196,t2262))))))),((((((((t160,((t3115,(t4151,(t4340,t5990))),t3763)),(t1987,t6014)),((((t1429,t5219),(((t2231,t5838),t4987),(((t3975,t5406),t5380),t4865))),(t974,t4348)),t2674)),(((((((t676,t4887),t4105),t3646),((t1283,t6077),(t4648,t6035))),((t1232,t5789),(t4044,t4362))),((t1153,t1628),(t1584,(t5039,t5633)))),(((t645,t2897),((t1638,t4781),t3445)),(t2345,t3569)))),(((t2505,t2312),t2883),t1442)),((((t366,t3690),((t2660,t3820),t3671)),((t1174,((t2251,t6253),t3940)),(t881,t3196))),t224)),(((t1970,(t2677,((t4490,t5505),(t5204,t6223)))),t435),((((((t775,t2984),(((t2110,t4446),(t4139,t4375)),((t3283,t6282),(t3798,t5972)))),t1579),(((t842,t6210),t3855),(((((t1050,t5222),(t4674,t6156)),(t1723,((t1960,(t3041,((t3152,t6207),t5266))),((t2576,((t4859,t6087),t5510)),(t3719,t5848))))),t1686),(t1453,t3933)))),((t592,t4475),(((t1528,t5548),t2807),t4194))),t466))),((((t413,t5138),t5073),((((t1902,t2723),(t2568,(t3757,t6043))),((t2434,t5360),t5179)),(t2041,((((t4205,((t5464,t5660),t5513)),t5441),((t5060,t5461),(t5082,t5763))),t4888)))),(((t1666,(t4301,t5211)),t4085),((t2849,(t4130,t5819)),t3423))))),t963),((((((((((((((((t1027,t5624),((t1103,(t2791,t6178)),(((t1394,((((t2932,t6049),t5345),t4355),t3600)),(t2606,t4764)),((t1137,t6137),(t4427,t5260))))),((t2341,t5745),((t3827,t5594),t4817))),((((t1298,t5575),((t3059,t2316),(t2716,t4416))),(((t2518,t5935),t2963),(t2915,t4884))),(((((t2141,(t5852,t6131)),t5739),t1206),t1888),((t1297,t2182),((t2091,(t5036,t5917)),(t4363,t6140)))))),(((((t635,t5628),(t4000,(((t4091,t5841),t5770),(t5001,t6056)))),(((t2652,(t3140,((t3437,(t4931,(t5370,t5995))),(t4073,t5143)))),((t4196,t6059),t4756)),t2317)),(((((t738,t5662),(t4016,t5759)),(t1685,t2031)),t1373),(t1279,t4831))),t680)),(((t518,t5864),(((t1860,t6220),(((t3199,t4994),t4654),t4059)),t3236)),(t2947,t3521))),((((t818,t4480),((((t2629,t3451),t3395),t1482),(t1755,(t4329,t6170)))),((((t1352,(t4203,t4444)),((t2980,(t3562,(t5955,t5957))),(t3105,t3867))),(t3051,t6051)),t1731)),((t1919,t5061),t3484))),(((t406,t2861),((t2701,t6126),t4293)),((t649,t3108),t1779))),((((t394,t6260),t5826),t5006),(t1842,((t3570,t5836),t4660)))),(((((t805,(t2948,t3181)),(t1742,((t2689,t6016),t4464))),((t1968,(t4995,t5428)),t2148)),((t918,(t1865,(t2750,((t3531,t4571),t4252)))),((t1139,t3758),((t1566,t4706),(t3135,(t3605,(t4608,t5096))))))),(((t328,t3610),(t2573,((t5088,t5875),t5561))),((((t1853,t6079),t3460),(t2589,((t3889,t3953),(t3396,t5949)))),t2224)))),((((((((t843,t5710),t4449),((t1548,t2916),t2212)),(((t281,(t2735,t3113)),t1655),t1326)),t706),(t622,(t3667,t5521))),(((((t2924,(t3578,(t3939,t5049))),t378),t1792),((((t561,t5869),t2216),(t2063,((t4309,(t6007,t6011)),t5269))),t766)),((t1293,t6155),(t2772,t5817)))),(((t261,((t1951,(t5804,t5922)),t2545)),t735),((t1219,(t2551,t5966)),(t1472,t5167))))),(((((t252,t5853),t303),((((t981,t2609),(((t640,(((t4173,t5530),t4935),t4870)),((((t1767,t4384),t4370),(t2529,(t3338,(t5023,t5544)))),(t2161,t4011))),t4010)),((t1207,t5879),(t2304,t2827))),(((t1132,(((t2150,t4470),(t3142,(t4505,t4972))),(t3013,t6194))),t315),(t672,((t3141,t5784),t5274))))),(((t1800,(t5535,t5542)),(t4247,t4417)),(t2422,((t2537,(t5074,t5453)),(t4879,t5278))))),(t383,((t2977,(((t4711,t5319),t5115),t5068)),((t393,t3925),t5751))))),(((((t871,t5898),t3211),t961),(t2116,t2564)),((((((t1244,t6144),t4181),((t1750,t6268),t1513)),(((t476,(t2225,(t3370,(t4744,t5722)))),((t2133,t3544),(t3620,t5526))),(t1096,t4628))),(t937,(((t1310,t4788),t3213),t3123))),((t2530,t3249),t2586)))),(((t84,(t3945,t6130)),((t1101,t6092),((t2603,t5679),(t3571,t5842)))),((t256,(t3643,(t3647,t3967))),(((t895,t3327),(t2722,t5208)),(t1405,t5104))))),(((((((t299,t5090),(t4425,t5868)),(t1439,t2043)),(((t559,t4538),t2559),((t1104,t4170),(t1125,(t2160,t5443))))),((((t1419,t1581),(t3347,t4593)),(((t671,(t4997,t6254)),(t4007,t4440)),(t967,(t2405,(((t2472,t4589),t3841),(t3432,t5698)))))),(((t415,((t4832,(t6149,t6225)),((t5366,t6226),t6169))),((t3202,t5720),t4124)),t2741))),(t245,(t3431,(t4873,(t4929,t6101))))),((((((t862,t4287),(t1697,t4087)),(((((t612,(t2221,((t3916,(t5781,t5903)),t4821))),(t856,(t1721,t5271))),(((t838,t5352),t5236),t5196)),(((((((t2420,t5487),(t5385,(t5560,t6211))),((t2802,(t3536,(t4361,t5265))),((t2988,t5270),t5199))),t2367),t5363),(t1146,(t2385,(t3704,t4253)))),t925)),(t704,((((t762,(t2985,t4917)),t2423),(t1747,t5887)),((t2474,t6106),(t3941,t4395)))))),((((t509,t5491),t4121),(((t2135,(t5463,t5808)),t2688),t2583)),((t5303,t6262),(t5580,t6093)))),((t450,(t2728,(t3964,t5758))),((((t658,((t2241,t5896),((t2945,t3593),t3447))),((((t1812,t3829),t3172),(t2522,t4095)),((t1976,(t4049,t4108)),(t2265,t3957)))),t965),(((t695,(t1799,((t2651,t3095),t2725))),(((t1234,t2217),t2560),((((t1336,t5371),t4918),t3573),t1834))),((((t3024,(t3478,((t5247,t5721),t5610))),((t1681,t5254),((t3349,t4909),t4158))),t940),((((t1113,t5915),t4002),((t2904,t5564),t3892)),((t2185,t4919),(t2339,(t5570,t6206))))))))),(((((((t87,t6021),(t5551,t6032)),t3862),((t1730,t4841),(t3984,t5030))),((t1537,t4799),t3706)),(t1454,((t1964,(t5525,t5605)),((t2640,t5045),(((t3996,t5735),t5346),t4155))))),(((((t728,((t3612,t4458),t4441)),(t2612,t5708)),(t1714,t3807)),((((t2445,t5004),t4621),(((t2717,t5928),t5220),t3913)),(t1366,t2093))),(t488,t4430)))))),(((((t79,t3421),(t1043,(t3122,t5736))),(t1402,(t1603,t3125))),(((t443,(t1049,t5878)),t740),((((t724,t5912),(t2826,((((t3555,t6042),t5794),t4544),((t3660,t6277),t4762)))),(((t2202,((t5557,t5943),t5642)),t5177),(t2410,(t4289,t5780)))),((t1136,((t3813,(t3994,t4407)),t3864)),(t1772,t4940))))),((t215,(t1276,(t2357,(t2389,t5492)))),(((t503,t4554),((t1705,t2484),(t2260,((t2957,t4334),t3793)))),((((t582,((t4299,t4967),t4778)),t3155),((t1551,(t4394,t4512)),t2885)),(((t1004,t5142),t4885),((t2158,t4520),t3357)))))))),(((t398,(t596,((((t3508,t4959),(((t3779,t6279),t5894),(t3979,t4688))),t5275),t3223))),(((t110,t5381),t1559),((t583,t6241),t5350))),(((t122,t5523),((t890,((t2809,t6160),((t3323,t5474),t3914))),t2207)),(((((t831,t4165),t1411),((((t1000,t5810),t5545),(((t2159,t6227),t5706),t5362)),(t1346,t3148))),((t1005,t3688),((((t2074,t5084),(t4556,t5702)),((t2536,t2944),(t2867,t6224))),t2414))),(((t3661,t2933),t317),((t1828,t5964),t5430)))))),((((t329,(((t2307,t4743),((t2060,(t3506,(t4439,t6103))),((t2940,t5999),t3054))),((t1175,((t3831,t5911),(t4090,t5341))),t1978))),(((t549,t5830),((t4405,t6200),t5638)),((t588,t4426),((t4927,t2639),t4476)))),((t39,t4461),(t2816,t4468))),(((((((t1369,t5902),((t4414,t6067),t5776)),(t2917,t3479)),(t262,(t2429,(t4351,t4645)))),((t874,(t4312,t4693)),(t1848,((t2596,(t6181,t6287)),t3124)))),((t470,((t1463,t5479),t5340)),(t901,(t1488,t2567)))),t163))),((((t667,t5590),t5577),((((t1080,((t3318,(t4815,t5155)),((t4341,t6063),t5122))),t1698),(((((t1236,t6250),t5392),t2303),(t1679,t3697)),((t1620,t3504),(t2168,(t2306,(t2381,t5678)))))),(t1808,(((t3783,t5379),t4493),(t3870,t5201))))),t710)),(((((((t1820,t5040),(t4208,t5931)),t3150),((((((t4023,t6080),t4558),(t3847,(t5235,t5531))),t2209),((((t2184,t5947),((t4318,t5307),t5165)),(t3876,t4213)),t2578)),t1822)),((t708,t4598),((t2170,t5109),t3543))),(((t409,(t4570,t5725)),(t3770,t5952)),((t1267,t2448),(t2344,t4854)))),((t103,t2894),(t989,(t3911,t5452))))),(((((t106,t5835),(t1415,(t4485,t5486))),((((((t811,(((t1594,t5637),t5087),(t2361,t5574))),((t1498,t6050),t3376)),(t125,t3139)),(t428,t2179)),(t377,((t1870,(t3406,t5918)),((t2297,(t3604,((t3652,(t4508,t5786)),t4455))),(t3737,t5438))))),(((((t167,t1855),((t1576,t4686),(t2273,t5056))),((t1287,t4371),t3426)),(t875,((t1734,(t2504,(t4611,(t4707,t5156)))),(t2380,(t2974,t4379))))),((((t2279,t4588),t4354),t537),((t2019,t4606),((t2621,t6204),(t4062,t5665))))))),((((t361,t5368),t5328),(t2235,t3414)),((t1633,(t1333,(t4908,t5480))),(t1565,(t2991,((t4501,t5436),t4930)))))),((((t127,(t2847,t6208)),t560),(((((t238,t4607),t3629),(t1477,((t3603,t6025),t5133))),(t2569,t3822)),(t1058,t2958))),(((((t76,((t4359,((t4419,t5455),t4536)),t4195)),((t3546,t5645),t5127)),t3367),(((((t1070,(t2481,t2914)),t1631),t1796),t949),(t661,t919))),(t390,t2204)))))),((((((((((((((((((t2267,t3359),((t2987,t5091),t4188)),(((t1251,((t3621,t6074),t5166)),t2121),t1980)),t1210),((t1083,t4753),((((t2438,((t3976,t5704),t5671)),t2577),(t2483,((t2506,t5592),((t4008,t5020),(t4350,t5375))))),t4759))),(t2517,t5481)),(((t1187,t4659),((t2314,t5043),t4050)),t2201)),((((t632,t5425),((t1794,t4235),(t3416,t4617))),(((t2667,((t2956,t4797),(t3052,((t4054,t5802),t3342)))),t2768),(t972,(t3961,t5597)))),((((t644,(((t3307,t5793),t3633),t3313)),((t1501,t3391),t4612)),(((t1199,t5712),t2079),t1802)),(((t721,t5343),((t1086,(((t4072,t5870),t5820),t4270)),t1227)),((t982,((t1791,t2820),t2700)),((((t1364,t5423),((t2681,t5231),t2702)),t1509),(t1362,(t4844,t5069)))))))),(((t319,(((t2798,(t5740,t4938)),(t3692,t4618)),((t3364,(t3674,t5877)),(t3595,(t3608,t4304))))),((t727,t3498),((t1013,(((((t2138,t4328),t3361),(((t2961,t4742),t4227),(t3490,(t3917,t4944)))),((t2258,t3886),t3428)),(t2203,t3259))),t3840))),(((t1331,(t4735,t5044)),((t1248,t4115),t2326)),((t1001,t3494),(((t2542,t4949),t4035),(t2783,t2631)))))),t109),(((((t1691,t3937),(((((t2359,t6218),t5631),t3384),t1897),((t3649,t5937),t5132))),t1254),(((((t1543,t5572),((t3806,t6196),t4860)),(t2213,(t2972,t6048))),((t2004,t6154),t3366)),(t1759,(t3424,(t4243,t5108))))),((t340,t5730),(t2774,(t4516,t5286))))),((((((((((((((t928,t5252),t4816),t4269),(t3615,t5850)),(t3182,t4973)),(t3254,t4746)),((((t3564,t5726),t3696),t4123),t2404)),t2000),((t528,t6284),((t1102,t4755),t4204))),(t555,(((t1726,t6164),t5539),t5426))),(((t504,t1328),((t558,t6158),((((((t4026,t5393),t4894),(t4883,t5694)),t5634),(t3401,t5390)),(t2937,t3255)))),((t1365,((t1816,(t2062,t6234)),((t1578,t5493),t4952))),(t2351,t4103)))),(((((t154,t5210),t5015),t4250),(t3388,t5821)),(t604,t4708))),((t419,((t2247,t5105),t4937)),t781)),(((((((((t2679,t5978),t3015),t3486),(((t1028,(t3751,t5011)),(t3597,t5405)),(((t2083,(t5512,(t5812,t5944))),(((t2877,t6172),t4636),(t3204,t5727))),t2713))),((t1313,(t1480,t4728)),t2403)),(t3010,((t686,t5114),(t4639,t6257)))),(t601,t3666)),((t408,(t732,t5540)),(((t530,(t1937,t3443)),(t1831,t4373)),t1599))),t593))),((((((t562,t5182),((t1660,(t3422,t3400)),t2882)),((t1330,(t2513,(t3533,t3672))),((t3055,t3083),(t1967,((t2502,(t5433,(t5451,t6165))),(t4545,(t4907,t5417))))))),t1030),t271),(((t40,((t4991,(t5467,t5648)),t5259)),((t4032,t5495),t4435)),t1841))),(((((((t192,(((((t2086,t5691),t5661),t5888),((t2912,t5304),t4021)),(t2845,t4801))),((((t1039,(t2767,t3769)),(t1862,t5569)),(((t3920,(t4582,t5910)),t3812),((t2736,((t4009,t4526),t4420)),t2989))),((t1412,t4413),(t1665,t1994)))),((t1560,((t1977,(((t2489,t5647),(t5359,t5473)),(t4102,t4572))),t2396)),(t4352,t5934))),((((t861,t5909),t3918),(((t2597,t5050),(t4487,t5839)),t3532)),t908)),((((t292,((t4261,(t5477,t5646)),t4502)),(t2090,(t3636,t5130))),((t1900,t2746),((t2278,t4850),(t3836,t5324)))),(t653,(t2173,t5277)))),(t175,(t2856,(t4709,t6004)))),((((t1881,(t495,t3662)),t1192),(((((((t347,t6266),((t1706,((t5550,t5923),t5919)),t4977)),t1658),t1604),(((t1925,t4066),t3554),t2412)),(t971,(t1519,t3582))),(((t924,(t3765,(t3995,((t4038,t5376),t4941)))),((t402,((t3097,(t4119,t4200)),t3707)),((t1764,t6248),t2829))),((t498,(t3168,(t5657,t5701))),(t1932,t4060))))),(((((t1448,(((t2645,t5168),(t4051,t4596)),t3549)),((t2246,t4767),(t3659,t6192))),((t615,((t2017,(t4974,t4975)),t4500)),(t1910,t5785))),(t1014,t3093)),(t391,((((t1335,t4590),((t513,t3373),t2369)),t1229),t903)))))),(((((((((t241,(t4039,t4330)),t2695),(((t1712,t642),((t1123,t2501),(t1427,(t5240,t5536)))),((((t703,t5959),t4834),t3127),t2284))),(t3344,t308)),((((t237,t4848),t4372),t2378),((((((t531,(t2929,t6199)),(t2822,t4471)),(((t3453,t4874),(t1993,t4732)),(t3229,t3622))),((t1255,(t1367,t5129)),(t1306,(t1484,(((t1563,t5330),t4600),t3257))))),(t2766,(t2794,t4818))),(t1184,((t3002,t4984),t4828))))),(((((t221,t4849),t3026),t2016),t1547),(t1237,t4117))),(t1473,(t1596,(t6003,t6038)))),((t571,(t1921,(t1947,(t2186,((t2608,t5906),((t3973,t5846),t5320)))))),(((t3656,t4052),t1530),((((t1008,t2587),(t1780,t1652)),((t2288,(t5431,t6187)),t2740)),((t1303,t5355),(t4922,t6041)))))),((((((t118,t3885),(((t1339,t6136),(((t2754,t6057),t4175),t2930)),t4079)),(t1079,(((t2024,((t3487,t4915),(t4478,t5255))),t2594),t1282))),(((((t287,(((t2650,t5859),t2993),(t2776,t4201))),(t2263,t4810)),(t1172,((t1813,t5281),t2855))),((((t621,t4003),t3944),(((t1863,t4272),t3497),(((t2455,t4322),(t4109,t5386)),t3932))),(t1634,t4822))),((t1383,(t5635,t6053)),((t2803,t5152),((t3133,t4988),(t4101,t4218)))))),((((((t302,t5131),t4192),t3753),((t3420,t5962),(t4388,t5372))),(t1433,((t1695,t5279),t2909))),((t1322,((t656,t6114),t5815)),t852))),(((((t236,t4769),(((t3248,t5163),t4162),t3572)),(((t605,(t5666,t6264)),(t4700,t5929)),(t3006,t5429))),(((((t1263,(t2368,t3246)),(t1786,t4796)),t591),t1025),((((t3808,t4176),((((t876,t5101),t4741),(t4019,(t4587,t5885))),(t1753,t6258))),((((t798,t6180),t4857),(t3577,t5118)),(((t1468,t5478),(((t2707,t3369),((t2975,t5316),t3693)),(((t2824,t5927),t5603),t4400))),t1916))),(((t1022,t3987),((t2726,t5092),(t3264,t4763))),(t2098,t5012))))),(((t1507,t5546),t5174),t2058))))),((((t41,t5940),(t1387,(t3468,t3960))),((((t1164,t5829),t4787),((t3614,t4581),t4084)),t3558)),(t1204,t2113))),(((((t11,t5858),t5824),(t3579,t4282)),((((((t777,((t3173,t3835),t3220)),t2788),t2543),(((t1059,(t5327,t6142)),(t5099,(t5206,t5489))),t2346)),(((t176,t3458),t3339),((t2379,t4300),(((t2644,t5746),(t3379,t4065)),((t3240,t6270),t3828))))),(t516,t3922))),((((t1088,t5504),(t716,(((t2895,t3276),t3080),((t3475,t5748),(t4178,(t5314,t5439)))))),t2057),((((t112,t2724),t2462),(t1392,(t5711,t5997))),((((((t456,t4791),(t4727,(t3607,t6186))),(((t2758,t4771),(t3880,t4128)),(t3330,(t3936,t5930)))),(((t2683,t5946),t5611),t4782)),((t617,((t4327,t5865),t4701)),((t848,t6109),t2747))),((((t1587,t4337),t1569),t3111),(((t954,t5110),(t4962,t5482)),(t4579,t5827)))))))),(((((t75,((t1266,t4284),t2524)),((t1573,(t1617,((t1998,t6275),(t4143,t6146)))),(((t2486,t5008),(((t1238,((t5149,(t5891,t6068)),t5185)),t4126),(t2865,(t3919,t4963)))),(((t1798,(t4811,t6070)),(t2655,t4431)),(((((t1071,((t5476,t6175),t6147)),t4892),(t4855,t4863)),t4573),t3989))))),(t768,(((((((t3596,t5053),(t3606,t4271)),(((((t3823,(t3966,t5668)),(t1943,t5500)),t3942),(t3114,t4114)),t3034)),(t2134,t5893)),((t1669,t4990),(t3194,(t5437,(t5945,t6188))))),(t1746,((t1908,t4864),t3214))),((t1377,t3993),(t3881,t6197))))),(t579,((t1209,(t5229,(t5401,t6018))),t4861))),(((((t832,((t3491,(t5113,t5267)),t3676)),(t2872,(t4866,t5339))),t2654),t3865),((t358,((t1404,t3717),(t1572,t5974))),(t899,(t1459,t3859))))))),((((((((((t208,t5161),t4082),(t5844,t6066)),(((t1165,t5041),((t1315,t4411),t2869)),((t902,(t4074,t5294)),t3726))),(((((((t1189,t5723),t5578),(t4515,t5681)),t3518),(t2554,t2922)),((((t4014,t978),((t2456,t6205),((t2264,t4040),t3712))),((((t1100,t5982),t5292),((t3033,(t4292,t5814)),t3529)),(t2964,t3637))),(((t784,t4412),t3856),((t2935,((t3547,t4398),t4390)),t3360)))),((t2102,t259),t1273))),(((((t318,t5641),((((t1499,(t2300,(((t3287,t5980),t5960),(t3760,t6001)))),(t1886,(t2450,t5140))),t1801),(t1745,((t4776,t5553),t5027)))),(((t883,((t1651,t5926),(t4838,t5581))),(((t1195,t4094),((((t2037,t6247),t5754),t5625),(t2285,t5881))),t2027)),((((((t1036,t4658),t3552),((t2839,(t3448,(t5424,t6219))),((t2931,((t3065,t5299),t3799)),t2981))),(t1969,(((t3088,t5693),t4653),(t3530,t4968)))),(t1903,t1950)),(t1554,t6251)))),((t855,t4730),(t2095,t3619))),(((t464,(t1965,t3042)),(((t1487,t3791),((t2873,t3087),t2919)),(t2799,t5141))),(t2157,(t3207,t6286))))),((t1348,(t2399,t4486)),((((t849,t3154),((t2519,t3470),(t3983,t4256))),((t1040,((t3243,t6029),t3713)),((t2042,t5283),(t3703,t6246)))),((((t1891,t4070),t2127),((t3267,t5190),t3752)),(t1775,t5409))))),((((t53,((t946,t3910),(((t1284,t5747),t5724),(t1788,(t3389,t5325))))),((((t590,(t4306,t5422)),((t1440,(t4525,(t5083,t5239))),((t3086,t6089),t4295))),((t1324,(t4694,t5003)),t3224)),(t854,t4996))),((t807,((t1155,((t1781,t3846),t1990)),((((t1736,t5880),(t3226,t6283)),(t3215,t3668)),t2353))),(((t692,t4793),(((((t1962,t5221),(t2436,t4387)),((t2354,t5670),((t2407,t3228),(t2715,t4233)))),(t2270,t4561)),t2248)),((t1180,(t3641,t4443)),(((((t1622,t4111),t3895),t1817),(t1737,((((t4184,t4948),(t4902,t5147)),t4845),t4463))),((t1744,t4357),t3949)))))),((((((((((t5139,t746),(t3710,((t4837,t6189),t6072))),(((t2967,(t4640,t4739)),t5251),((((t2044,t5296),t4635),t3766),(t2222,t6013)))),(((t705,((t3000,t5448),(t3027,(t4225,t5765)))),(t2938,(t4171,t4891))),t3891)),(t2906,(t2953,(t3009,t3879)))),((((((t1936,t5117),t779),((((t1709,t6002),(t5717,t6221)),t3515),(t2375,(t3193,t5031)))),t905),(((t1425,((((t1864,t5876),t2949),t2544),((t2220,t3868),t3499))),t641),(((t1042,(t2870,((t2994,t5459),(t3882,(t4433,(t4820,t6152)))))),(t2864,(t3096,t3745))),((((t4193,t5207),t1124),(((t3583,t4323),t3698),t2112)),(((t1549,t5861),t5215),t3126))))),((t283,(t3017,t5465)),(((t3325,t5630),t5391),(t5123,t5866))))),(((((((t2146,((t3258,t5306),((t3457,t5683),t4161))),((t3212,t5519),(t3878,t4807))),(t2223,t6215)),(t4565,t5146)),(t1716,t6176)),(t761,((t1481,t6096),t2087))),((t839,t1410),(t371,(t6118,t6217))))),((((((((t2333,t6083),(t3050,t3273)),t2478),(t3145,(t3176,(t4294,(t4833,t6209))))),(t2276,(((t2580,t4539),t3305),(((t3232,t5516),t5184),(t3513,t5567))))),((t1320,t2868),t1524)),((t188,t6255),t3985)),((((((t436,t3356),t3180),(t3165,(((t3324,(t5344,t5818)),t4876),t4772))),(((t3064,(t1011,t3631)),(t2335,(t2710,t5996))),((t1725,((t4721,t6285),(t5037,t5644))),(t2144,t5193)))),((((((((t2318,(t5420,t5541)),((t726,t5981),t4714)),((((t2195,t6272),t5847),t4167),t2491)),((t1156,t5373),(t2050,(t2286,t5047)))),((((t783,(t3250,((t4255,t5622),t5289))),(t2442,t2601)),t2334),((((t1012,(t5501,t5882)),t4317),(((t2854,(t5026,t5072)),t3171),t2926)),(t1564,t4839)))),((t3592,((t4408,t4775),(t4559,t6116))),((t2398,t4880),(t4852,t5010)))),(((((t538,t3695),t3153),(t1784,t5993)),(t1218,(t2022,(t2142,t6167)))),(((t915,((t4754,t5264),(t5071,t5293))),((t1381,(t3617,t3803)),((t1597,t5291),(t2088,((t4036,t5951),t5200))))),((t1151,t4656),(t1432,(t5237,t5778)))))),(t410,((t1031,t6168),(t4843,t5705))))),(((((t306,t4851),(t2846,t5353)),((t1194,t3174),t1600)),((t564,(t4956,t5795)),t4773)),((t367,t5612),t2322))))),(((((t1591,(t3816,t5715)),(t2320,(t2905,t4663))),((t1105,t5046),t3485)),(((t772,(t5212,t5415)),((t2970,t5663),t4878)),((t2828,t5871),t2190))),(((t853,t6135),(t3101,t4259)),t2699))),((((((t78,((t5562,t6129),t5621)),t4166),(t2376,((((t2769,(t4729,t5333)),t4326),(t3314,t4210)),t2837))),(((((t248,t5563),(t4814,t5607)),t4316),(t475,(t2370,t2973))),((t683,t4521),(((t1353,t4262),((t3708,t2942),t3575)),((t2790,(t3683,(t4335,t5305))),((t3429,t5309),t4733)))))),((t1308,t3724),(t2162,(t5351,t5369)))),(((((((t1314,t4380),t4226),t3103),((t1944,(t3963,t5384)),(t2250,(t3875,t6133)))),(((t657,t4238),(t3845,(t3893,t5905))),(t1460,((t2619,t3935),t3094)))),((((((((t1503,t4638),t4006),((t200,(t2817,t3004)),((t2332,t5636),t5595))),((((((t1202,t4541),(t3271,((t4507,t6123),t5936))),(t3231,t5643)),t2360),(t2171,t6171)),((t2070,t3796),t3435))),((t1051,t4599),t1363)),(((t993,t5688),((t3029,t5094),t4836)),t2593)),(t3754,t5466)),t536)),(((t2555,(t111,(t3678,t5568))),(t1872,t4622)),(((t566,(t5682,t6075)),t2337),(((((t654,t5831),t5714),t4958),t3741),((((t1929,(t5125,t5576)),t2978),(t2842,t3036)),((t2511,t5750),t3732)))))))))),((t194,(((t468,t4349),t4229),((((t898,(t4624,t6242)),t2903),t2734),((t958,(t1321,(((t2073,t5851),t3189),t2661))),((((t1318,t4037),t3301),t2535),t1489))))),(((((t2153,(t3762,t4460)),(t2200,t5262)),(((t3227,t5768),t5766),(t4438,t5991))),((t2075,(t4144,t5273)),t3200)),(t1435,((t3509,(t4757,t5958)),(t3634,t4422)))))),(((((((t522,((t2111,t2720),t1743)),(((t795,(t5472,t6031)),t3039),((t1661,t2992),t1946))),((((t1505,t5153),t5063),(t480,(t4705,t4985))),t1475)),(((((t432,(t3650,t5685)),(t1250,t4867)),((t1243,(t3520,t6082)),(t3351,t4267))),(((t1462,t300),((t1740,t4145),t3691)),(((((((t1575,(t5435,t5599)),t3943),t3449),t2965),t696),(((t1451,t5475),(t3556,t4529)),t3290)),(t1149,t4013)))),(((((t1899,t3768),t4241),(((t3028,((t4702,t6213),t5566)),(t3121,(t4324,t4792))),t3066)),((((t916,(t3560,(t4086,t4307))),(t3149,((t3962,t5169),t4278))),((((t1075,t5225),t3574),t2684),(t2626,t1991))),t1081)),((((t356,(t4893,t5586)),t4633),t2939),(((t499,t3018),t1720),t829))))),((((t753,t3397),(t1474,t3744)),t158),((((((t2630,(t4961,t5367)),t4492),t3312),((t184,t5332),(t2862,(t4577,t5157)))),((t2390,t4540),(t3063,t6269))),((t439,t1533),(t1010,t2976))))),(((t247,((t2033,t4421),((t3948,(t4482,t4519)),((t3049,(t4936,t5411)),t4758)))),t1109),((((t1016,(t3821,t4481)),t2789),((t27,t5176),(t2352,t3503))),((t341,t5007),t3502)))),((((((t280,t3890),(t515,t3928)),((((t2132,t3897),t4450),((((t3058,t5217),t3602),(t1827,t5499)),(t2668,t3740))),t1062)),((((t3353,t5336),t3505),((t2424,t4391),t2901)),(((t2691,((t3409,(t5145,t5245)),t3778)),(((t1087,t5863),t5285),(t1609,(((t1861,(t5064,t5606)),(t3611,t6086)),t2928)))),(((t213,((t2761,t5403),t4249)),t2552),((((t945,t5394),((t2637,(t4160,t4207)),t3381)),(t1935,(t2680,((t4377,((t5059,t5524),t5093)),((t4409,t5187),t4770))))),((t1867,t4125),t3815)))))),(t85,(((t679,(t3195,t4534)),t742),(((t681,t3128),(((t2416,(t4641,t5244)),(t3075,t5600)),t2678)),(t2819,(t4522,t4594)))))),((((t96,(t5253,t6009)),t5112),(((t730,((t2214,t4765),(t4224,t6229))),t1323),(t1121,t3138))),((t669,t5511),((t1748,t4957),t3408)))))));
